0	-1955	-1955	0	-1955	-1955	0	
10	-1955	-1955	0	-1955	-1955	0	
20	-1954	-1955	-1	-1954	-1955	1	
30	-1954	-1954	0	-1954	-1954	0	
40	-1954	-1954	0	-1954	-1954	0	
50	-1899	-1954	-55	-1899	-1899	0	-1954	-1954	0	
60	-1896	-1954	-58	-1896	-1903	7	-1954	-1954	0	
70	-1894	-1904	-10	-1894	-1904	10	
80	-1712	-1953	-241	-1712	-1716	4	-1828	-1831	3	-1891	-1908	17	-1953	-1953	0	
90	-1700	-1953	-253	-1700	-1702	2	-1706	-1719	13	-1817	-1833	16	-1880	-1895	15	-1903	-1915	12	-1953	-1953	0	
100	-1698	-1953	-255	-1698	-1725	27	-1814	-1835	21	-1846	-1850	4	-1878	-1892	14	-1907	-1916	9	-1953	-1953	0	
110	-1695	-1918	-223	-1695	-1708	13	-1718	-1727	9	-1812	-1827	15	-1832	-1862	30	-1866	-1890	24	-1910	-1918	8	
120	-1691	-1952	-261	-1691	-1698	7	-1722	-1730	8	-1810	-1817	7	-1833	-1879	46	-1916	-1925	9	-1952	-1952	0	
130	-1684	-1952	-268	-1684	-1695	11	-1726	-1732	6	-1807	-1813	6	-1836	-1845	9	-1850	-1868	18	-1873	-1876	3	-1918	-1927	9	-1952	-1952	0	
140	-1682	-1952	-270	-1682	-1692	10	-1728	-1736	8	-1758	-1760	2	-1804	-1812	8	-1854	-1856	2	-1919	-1936	17	-1952	-1952	0	
150	-1681	-1952	-271	-1681	-1688	7	-1730	-1739	9	-1743	-1763	20	-1801	-1809	8	-1926	-1938	12	-1952	-1952	0	
160	-1676	-1951	-275	-1676	-1684	8	-1733	-1766	33	-1771	-1777	6	-1800	-1806	6	-1929	-1940	11	-1951	-1951	0	
170	-1670	-1951	-281	-1670	-1682	12	-1737	-1757	20	-1761	-1779	18	-1799	-1803	4	-1936	-1943	7	-1951	-1951	0	
180	-1668	-1951	-283	-1668	-1681	13	-1739	-1743	4	-1763	-1781	18	-1798	-1801	3	-1938	-1946	8	-1951	-1951	0	
190	-1667	-1951	-284	-1667	-1678	11	-1766	-1772	6	-1778	-1783	5	-1796	-1799	3	-1941	-1947	6	-1950	-1951	1	
200	-1665	-1950	-285	-1665	-1669	4	-1780	-1786	6	-1793	-1798	5	-1943	-1950	7	
210	-1664	-1950	-286	-1664	-1667	3	-1782	-1797	15	-1947	-1950	3	
220	-1659	-1949	-290	-1659	-1666	7	-1783	-1796	13	-1948	-1949	1	
230	-1652	-1794	-142	-1652	-1664	12	-1785	-1794	9	
240	-1649	-1662	-13	-1649	-1662	13	
250	-1647	-1659	-12	-1647	-1659	12	
260	-1645	-1653	-8	-1645	-1653	8	
270	-1643	-1648	-5	-1643	-1648	5	
280	-1641	-1646	-5	-1641	-1646	5	
290	-1529	-1645	-116	-1529	-1542	13	-1545	-1545	0	-1634	-1645	11	
300	-1528	-1642	-114	-1528	-1553	25	-1634	-1642	8	
310	-1525	-1640	-115	-1525	-1558	33	-1564	-1569	5	-1631	-1640	9	
320	-1521	-1634	-113	-1521	-1530	9	-1538	-1591	53	-1620	-1634	14	
330	-1497	-1632	-135	-1497	-1502	5	-1515	-1526	11	-1555	-1599	44	-1618	-1632	14	
340	-1490	-1630	-140	-1490	-1523	33	-1558	-1564	6	-1570	-1601	31	-1615	-1630	15	
350	-1476	-1620	-144	-1476	-1521	45	-1575	-1582	7	-1591	-1603	12	-1608	-1620	12	
360	-1470	-1617	-147	-1470	-1515	45	-1601	-1617	16	
370	-1462	-1614	-152	-1462	-1504	42	-1506	-1510	4	-1603	-1614	11	
380	-1454	-1608	-154	-1454	-1491	37	-1604	-1608	4	
390	-1451	-1484	-33	-1451	-1484	33	
400	-1448	-1479	-31	-1448	-1475	27	-1479	-1479	0	
410	-1446	-1468	-22	-1446	-1468	22	
420	-1443	-1461	-18	-1443	-1461	18	
430	-1441	-1452	-11	-1441	-1452	11	
440	-1439	-1450	-11	-1439	-1450	11	
450	-1436	-1447	-11	-1436	-1447	11	
460	-1432	-1445	-13	-1432	-1445	13	
470	-1428	-1443	-15	-1428	-1443	15	
480	-1424	-1441	-17	-1424	-1441	17	
490	-1420	-1438	-18	-1420	-1438	18	
500	-1416	-1434	-18	-1416	-1434	18	
510	-1413	-1431	-18	-1413	-1431	18	
520	-1410	-1428	-18	-1410	-1428	18	
530	-1407	-1423	-16	-1407	-1423	16	
540	-1404	-1420	-16	-1404	-1420	16	
550	-1331	-1416	-85	-1331	-1338	7	-1397	-1416	19	
560	-1328	-1412	-84	-1328	-1342	14	-1395	-1412	17	
570	-1324	-1409	-85	-1324	-1345	21	-1393	-1409	16	
580	-1320	-1404	-84	-1320	-1350	30	-1391	-1404	13	
590	-1316	-1401	-85	-1316	-1355	39	-1389	-1401	12	
600	-1309	-1397	-88	-1309	-1331	22	-1338	-1361	23	-1386	-1397	11	
610	-1304	-1394	-90	-1304	-1325	21	-1343	-1364	21	-1384	-1394	10	
620	-1300	-1391	-91	-1300	-1321	21	-1348	-1368	20	-1381	-1391	10	
630	-1297	-1389	-92	-1297	-1316	19	-1354	-1374	20	-1376	-1389	13	
640	-1294	-1387	-93	-1294	-1311	17	-1359	-1387	28	
650	-1290	-1385	-95	-1290	-1305	15	-1363	-1385	22	
660	-1287	-1382	-95	-1287	-1302	15	-1367	-1382	15	
670	-1284	-1380	-96	-1284	-1299	15	-1370	-1380	10	
680	-1281	-1377	-96	-1281	-1296	15	-1373	-1377	4	
690	-1280	-1292	-12	-1280	-1292	12	
700	-1278	-1290	-12	-1278	-1290	12	
710	-1275	-1287	-12	-1275	-1287	12	
720	-1272	-1284	-12	-1272	-1284	12	
730	-1269	-1282	-13	-1269	-1282	13	
740	-1266	-1279	-13	-1266	-1279	13	
750	-1263	-1277	-14	-1263	-1277	14	
760	-1260	-1275	-15	-1260	-1275	15	
770	-1230	-1274	-44	-1230	-1231	1	-1238	-1247	9	-1250	-1274	24	
780	-1226	-1269	-43	-1226	-1269	43	
790	-1223	-1263	-40	-1223	-1263	40	
800	-1221	-1259	-38	-1221	-1259	38	
810	-1218	-1256	-38	-1218	-1256	38	
820	-1214	-1254	-40	-1214	-1254	40	
830	-1187	-1253	-66	-1187	-1200	13	-1207	-1225	18	-1229	-1253	24	
840	-1180	-1220	-40	-1180	-1220	40	
850	-1172	-1217	-45	-1172	-1217	45	
860	-1166	-1213	-47	-1166	-1213	47	
870	-1162	-1210	-48	-1162	-1210	48	
880	-1158	-1208	-50	-1158	-1208	50	
890	-1053	-1207	-154	-1053	-1078	25	-1129	-1131	2	-1154	-1190	36	-1198	-1207	9	
900	-1050	-1167	-117	-1050	-1082	32	-1124	-1136	12	-1152	-1167	15	
910	-1048	-1161	-113	-1048	-1086	38	-1122	-1138	16	-1150	-1161	11	
920	-1045	-1157	-112	-1045	-1101	56	-1119	-1141	22	-1148	-1157	9	
930	-1040	-1154	-114	-1040	-1072	32	-1076	-1110	34	-1117	-1154	37	
940	-1034	-1152	-118	-1034	-1052	18	-1081	-1130	49	-1134	-1152	18	
950	-1030	-1150	-120	-1030	-1048	18	-1086	-1123	37	-1138	-1150	12	
960	-1026	-1148	-122	-1026	-1045	19	-1091	-1120	29	-1140	-1148	8	
970	-1023	-1146	-123	-1023	-1043	20	-1100	-1102	2	-1104	-1118	14	-1142	-1146	4	
980	-1021	-1039	-18	-1021	-1039	18	
990	-1020	-1031	-11	-1020	-1031	11	
1000	-1018	-1028	-10	-1018	-1028	10	
1010	-999	-1027	-28	-999	-1002	3	-1014	-1027	13	
1020	-995	-1023	-28	-995	-1008	13	-1010	-1023	13	
1030	-993	-1020	-27	-993	-1020	27	
1040	-991	-1018	-27	-991	-1018	27	
1050	-987	-1016	-29	-987	-1016	29	
1060	-979	-1016	-37	-979	-1016	37	
1070	-903	-1014	-111	-903	-913	10	-971	-995	24	-1003	-1014	11	
1080	-900	-991	-91	-900	-917	17	-968	-991	23	
1090	-899	-987	-88	-899	-919	20	-945	-958	13	-961	-987	26	
1100	-897	-982	-85	-897	-922	25	-940	-982	42	
1110	-895	-975	-80	-895	-927	32	-934	-975	41	
1120	-892	-970	-78	-892	-905	13	-912	-970	58	
1130	-889	-966	-77	-889	-901	12	-916	-966	50	
1140	-886	-962	-76	-886	-899	13	-918	-954	36	-957	-962	5	
1150	-877	-947	-70	-877	-898	21	-920	-947	27	
1160	-784	-942	-158	-784	-786	2	-818	-842	24	-861	-896	35	-923	-942	19	
1170	-781	-930	-149	-781	-789	8	-808	-848	40	-854	-893	39	-930	-930	0	
1180	-781	-888	-107	-781	-790	9	-808	-888	80	
1190	-780	-884	-104	-780	-792	12	-803	-884	81	
1200	-779	-877	-98	-779	-795	16	-797	-877	80	
1210	-776	-870	-94	-776	-870	94	
1220	-731	-870	-139	-731	-734	3	-772	-784	12	-786	-870	84	
1230	-717	-861	-144	-717	-743	26	-769	-782	13	-789	-825	36	-840	-861	21	
1240	-695	-804	-109	-695	-699	4	-709	-746	37	-766	-779	13	-793	-804	11	
1250	-693	-776	-83	-693	-704	11	-706	-747	41	-765	-776	11	
1260	-690	-774	-84	-690	-750	60	-762	-774	12	
1270	-687	-772	-85	-687	-730	43	-736	-772	36	
1280	-680	-770	-90	-680	-722	42	-740	-770	30	
1290	-673	-768	-95	-673	-715	42	-745	-768	23	
1300	-669	-765	-96	-669	-709	40	-748	-765	17	
1310	-665	-763	-98	-665	-691	26	-750	-763	13	
1320	-662	-686	-24	-662	-686	24	
1330	-660	-681	-21	-660	-681	21	
1340	-657	-675	-18	-657	-675	18	
1350	-655	-670	-15	-655	-670	15	
1360	-652	-666	-14	-652	-666	14	
1370	-650	-663	-13	-650	-663	13	
1380	-647	-660	-13	-647	-660	13	
1390	-644	-658	-14	-644	-658	14	
1400	-639	-656	-17	-639	-656	17	
1410	-617	-653	-36	-617	-630	13	-632	-653	21	
1420	-613	-649	-36	-613	-649	36	
1430	-609	-646	-37	-609	-646	37	
1440	-604	-642	-38	-604	-642	38	
1450	-597	-640	-43	-597	-640	43	
1460	-579	-635	-56	-579	-635	56	
1470	-569	-620	-51	-569	-620	51	
1480	-564	-608	-44	-564	-608	44	
1490	-557	-602	-45	-557	-602	45	
1500	-549	-597	-48	-549	-597	48	
1510	-543	-591	-48	-543	-584	41	-587	-591	4	
1520	-539	-575	-36	-539	-575	36	
1530	-446	-572	-126	-446	-447	1	-466	-482	16	-535	-572	37	
1540	-440	-561	-121	-440	-484	44	-534	-561	27	
1550	-435	-548	-113	-435	-490	55	-511	-516	5	-530	-548	18	
1560	-433	-542	-109	-433	-493	60	-507	-520	13	-528	-542	14	
1570	-433	-538	-105	-433	-496	63	-503	-538	35	
1580	-431	-534	-103	-431	-472	41	-475	-534	59	
1590	-426	-533	-107	-426	-468	42	-478	-533	55	
1600	-419	-532	-113	-419	-444	25	-446	-464	18	-482	-532	50	
1610	-411	-530	-119	-411	-441	30	-452	-460	8	-486	-530	44	
1620	-405	-524	-119	-405	-435	30	-493	-505	12	-522	-524	2	
1630	-402	-429	-27	-402	-429	27	
1640	-395	-425	-30	-395	-425	30	
1650	-388	-422	-34	-388	-422	34	
1660	-352	-419	-67	-352	-365	13	-383	-419	36	
1670	-346	-413	-67	-346	-370	24	-378	-413	35	
1680	-341	-407	-66	-341	-407	66	
1690	-266	-401	-135	-266	-272	6	-334	-401	67	
1700	-263	-391	-128	-263	-278	15	-327	-391	64	
1710	-260	-385	-125	-260	-284	24	-290	-293	3	-322	-385	63	
1720	-258	-380	-122	-258	-300	42	-318	-360	42	-366	-380	14	
1730	-256	-347	-91	-256	-347	91	
1740	-254	-336	-82	-254	-336	82	
1750	-245	-333	-88	-245	-263	18	-276	-333	57	
1760	-241	-327	-86	-241	-260	19	-280	-327	47	
1770	-236	-322	-86	-236	-258	22	-284	-291	7	-293	-322	29	
1780	-226	-320	-94	-226	-257	31	-298	-320	22	
1790	-176	-318	-142	-176	-187	11	-213	-255	42	-300	-318	18	
1800	-140	-247	-107	-140	-195	55	-210	-247	37	
1810	-138	-240	-102	-138	-198	60	-208	-240	32	
1820	-137	-235	-98	-137	-201	64	-205	-235	30	
1830	-134	-226	-92	-134	-226	92	
1840	-132	-220	-88	-132	-220	88	
1850	-129	-216	-87	-129	-216	87	
1860	-89	-217	-128	-89	-102	13	-125	-217	92	
1870	-82	-210	-128	-82	-140	58	-146	-176	30	-193	-210	17	
1880	-82	-131	-49	-82	-131	49	
1890	-81	-128	-47	-81	-128	47	
1900	-77	-126	-49	-77	-126	49	
1910	-69	-124	-55	-69	-93	24	-97	-124	27	
1920	-60	-123	-63	-60	-89	29	-100	-123	23	
1930	-32	-119	-87	-32	-36	4	-53	-86	33	-105	-119	14	
1940	-28	-81	-53	-28	-39	11	-50	-81	31	
1950	-26	-74	-48	-26	-42	16	-47	-74	27	
1960	-21	-69	-48	-21	-69	48	
1970	-5	-61	-56	-5	-13	8	-16	-61	45	
1980	-2	-57	-55	-2	-57	55	
1990	36	-51	-87	36	28	8	22	9	13	1	-31	32	-37	-51	14	
2000	38	-46	-84	38	7	31	3	-26	29	-43	-46	3	
2010	40	-19	-59	40	-5	45	-8	-19	11	
2020	44	-15	-59	44	-3	47	-15	-15	0	
2030	47	-1	-48	47	16	31	13	-1	14	
2040	86	0	-86	86	75	11	53	36	17	31	18	13	12	0	12	
2050	91	3	-88	91	66	25	62	39	23	26	22	4	8	3	5	
2060	105	42	-63	105	42	63	
2070	154	46	-108	154	138	16	110	46	64	
2080	160	50	-110	160	133	27	115	50	65	
2090	164	54	-110	164	125	39	122	86	36	78	54	24	
2100	169	58	-111	169	90	79	71	58	13	
2110	179	93	-86	179	93	86	
2120	193	111	-82	193	146	47	144	111	33	
2130	198	115	-83	198	152	46	134	115	19	
2140	335	119	-216	335	330	5	201	162	39	129	119	10	
2150	341	169	-172	341	325	16	202	169	33	
2160	345	173	-172	345	319	26	205	173	32	
2170	348	178	-170	348	304	44	224	224	0	207	178	29	
2180	350	197	-153	350	296	54	228	220	8	209	197	12	
2190	353	200	-153	353	289	64	230	217	13	213	200	13	
2200	355	202	-153	355	281	74	256	245	11	233	202	31	
2210	359	205	-154	359	345	14	321	272	49	261	205	56	
2220	361	208	-153	361	349	12	312	208	104	
2230	374	209	-165	374	350	24	295	227	68	221	209	12	
2240	380	214	-166	380	353	27	290	230	60	214	214	0	
2250	383	233	-150	383	356	27	284	252	32	250	233	17	
2260	387	236	-151	387	357	30	281	256	25	242	236	6	
2270	390	260	-130	390	360	30	269	260	9	
2280	392	366	-26	392	366	26	
2290	394	377	-17	394	377	17	
2300	395	382	-13	395	382	13	
2310	397	385	-12	397	385	12	
2320	399	388	-11	399	388	11	
2330	400	390	-10	400	390	10	
2340	402	393	-9	402	393	9	
2350	403	394	-9	403	394	9	
2360	405	396	-9	405	396	9	
2370	408	398	-10	408	398	10	
2380	480	398	-82	480	467	13	446	443	3	414	398	16	
2390	506	401	-105	506	496	10	494	438	56	420	401	19	
2400	509	404	-105	509	435	74	426	404	22	
2410	509	407	-102	509	431	78	429	407	22	
2420	516	409	-107	516	409	107	
2430	704	410	-294	704	694	10	538	410	128	
2440	727	413	-314	727	691	36	657	653	4	541	479	62	469	413	56	
2450	735	415	-320	735	689	46	662	648	14	547	496	51	494	484	10	463	415	48	
2460	747	420	-327	747	687	60	664	644	20	591	575	16	571	510	61	433	429	4	422	420	2	
2470	749	519	-230	749	686	63	665	639	26	617	614	3	593	519	74	
2480	753	539	-214	753	715	38	709	706	3	693	684	9	667	607	60	601	539	62	
2490	757	544	-213	757	732	25	690	682	8	668	660	8	648	544	104	
2500	762	548	-214	762	741	21	688	680	8	671	663	8	645	548	97	
2510	766	553	-213	766	747	19	686	664	22	642	587	55	582	553	29	
2520	773	563	-210	773	749	24	686	666	20	639	590	49	577	563	14	
2530	782	596	-186	782	752	30	684	667	17	610	596	14	
2540	786	670	-116	786	759	27	682	670	12	
2550	788	673	-115	788	763	25	679	673	6	
2560	791	767	-24	791	767	24	
2570	793	772	-21	793	772	21	
2580	796	776	-20	796	776	20	
2590	799	783	-16	799	783	16	
2600	800	789	-11	800	789	11	
2610	802	792	-10	802	792	10	
2620	804	794	-10	804	794	10	
2630	807	796	-11	807	796	11	
2640	810	798	-12	810	798	12	
2650	816	800	-16	816	800	16	
2660	823	803	-20	823	803	20	
2670	828	806	-22	828	806	22	
2680	832	808	-24	832	808	24	
2690	888	810	-78	888	879	9	838	810	28	
2700	894	813	-81	894	868	26	862	854	8	844	813	31	
2710	895	825	-70	895	825	70	
2720	897	832	-65	897	832	65	
2730	900	836	-64	900	836	64	
2740	906	841	-65	906	841	65	
2750	916	844	-72	916	887	29	883	844	39	
2760	926	847	-79	926	890	36	880	847	33	
2770	970	855	-115	970	959	11	933	895	38	868	855	13	
2780	971	900	-71	971	957	14	938	900	38	
2790	974	904	-70	974	950	24	948	904	44	
2800	996	913	-83	996	984	12	979	913	66	
2810	999	922	-77	999	922	77	
2820	1005	927	-78	1005	967	38	962	927	35	
2830	1011	931	-80	1011	970	41	960	931	29	
2840	1039	937	-102	1039	1033	6	1027	972	55	957	937	20	
2850	1047	947	-100	1047	976	71	950	947	3	
2860	1052	980	-72	1052	990	62	983	980	3	
2870	1110	1004	-106	1110	1102	8	1086	1062	24	1055	1004	51	
2880	1113	1011	-102	1113	1097	16	1091	1011	80	
2890	1117	1019	-98	1117	1019	98	
2900	1125	1027	-98	1125	1039	86	1032	1027	5	
2910	1187	1048	-139	1187	1181	6	1153	1146	7	1128	1048	80	
2920	1191	1052	-139	1191	1174	17	1161	1143	18	1130	1052	78	
2930	1207	1055	-152	1207	1198	9	1195	1140	55	1132	1110	22	1101	1072	29	1066	1055	11	
2940	1248	1117	-131	1248	1241	7	1210	1117	93	
2950	1251	1125	-126	1251	1239	12	1211	1125	86	
2960	1256	1128	-128	1256	1234	22	1214	1128	86	
2970	1259	1129	-130	1259	1188	71	1180	1154	26	1143	1129	14	
2980	1264	1131	-133	1264	1190	74	1177	1158	19	1142	1131	11	
2990	1292	1133	-159	1292	1206	86	1204	1193	11	1139	1133	6	
3000	1300	1212	-88	1300	1212	88	
3010	1364	1214	-150	1364	1364	0	1311	1254	57	1239	1214	25	
3020	1369	1219	-150	1369	1347	22	1314	1258	56	1229	1219	10	
3030	1371	1262	-109	1371	1341	30	1317	1262	55	
3040	1375	1265	-110	1375	1337	38	1320	1265	55	
3050	1384	1269	-115	1384	1331	53	1324	1289	35	1280	1269	11	
3060	1388	1300	-88	1388	1300	88	
3070	1393	1310	-83	1393	1310	83	
3080	1405	1314	-91	1405	1368	37	1357	1314	43	
3090	1410	1316	-94	1410	1371	39	1342	1316	26	
3100	1413	1320	-93	1413	1377	36	1336	1320	16	
3110	1421	1323	-98	1421	1383	38	1332	1323	9	
3120	1427	1390	-37	1427	1390	37	
3130	1430	1397	-33	1430	1397	33	
3140	1433	1406	-27	1433	1406	27	
3150	1438	1410	-28	1438	1410	28	
3160	1447	1413	-34	1447	1413	34	
3170	1489	1416	-73	1489	1479	10	1453	1416	37	
3180	1492	1425	-67	1492	1473	19	1462	1425	37	
3190	1493	1433	-60	1493	1469	24	1466	1433	33	
3200	1495	1440	-55	1495	1440	55	
3210	1498	1448	-50	1498	1448	50	
3220	1503	1451	-52	1503	1451	52	
3230	1517	1455	-62	1517	1490	27	1479	1455	24	
3240	1523	1462	-61	1523	1493	30	1472	1462	10	
3250	1526	1497	-29	1526	1497	29	
3260	1600	1499	-101	1600	1590	10	1531	1499	32	
3270	1604	1502	-102	1604	1571	33	1558	1548	10	1537	1502	35	
3280	1606	1518	-88	1606	1568	38	1561	1518	43	
3290	1607	1526	-81	1607	1566	41	1564	1526	38	
3300	1610	1530	-80	1610	1530	80	
3310	1619	1530	-89	1619	1601	18	1591	1530	61	
3320	1627	1533	-94	1627	1604	23	1587	1533	54	
3330	1662	1536	-126	1662	1652	10	1639	1606	33	1581	1556	25	1553	1536	17	
3340	1680	1609	-71	1680	1609	71	
3350	1680	1618	-62	1680	1618	62	
3360	1684	1625	-59	1684	1625	59	
3370	1723	1627	-96	1723	1722	1	1688	1627	61	
3380	1732	1634	-98	1732	1714	18	1691	1656	35	1654	1634	20	
3390	1737	1639	-98	1737	1705	32	1693	1661	32	1649	1639	10	
3400	1740	1670	-70	1740	1682	58	1670	1670	0	
3410	1739	1688	-51	1739	1688	51	
3420	1743	1691	-52	1743	1691	52	
3430	1750	1691	-59	1750	1726	24	1722	1691	31	
3440	1860	1693	-167	1860	1853	7	1769	1731	38	1718	1693	25	
3450	1867	1696	-171	1867	1846	21	1772	1736	36	1712	1696	16	
3460	1872	1702	-170	1872	1843	29	1812	1801	11	1776	1739	37	1703	1702	1	
3470	1874	1743	-131	1874	1841	33	1819	1797	22	1779	1743	36	
3480	1877	1748	-129	1877	1839	38	1828	1793	35	1782	1748	34	
3490	1878	1756	-122	1878	1836	42	1832	1766	66	1762	1756	6	
3500	1881	1771	-110	1881	1858	23	1851	1771	80	
3510	1885	1774	-111	1885	1866	19	1846	1774	72	
3520	1891	1775	-116	1891	1869	22	1845	1811	34	1801	1775	26	
3530	1912	1779	-133	1912	1874	38	1842	1817	25	1797	1779	18	
3540	1921	1784	-137	1921	1877	44	1839	1825	14	1791	1784	7	
3550	1927	1881	-46	1927	1881	46	
3560	1932	1885	-47	1932	1885	47	
3570	1941	1889	-52	1941	1889	52	
3580	1949	1893	-56	1949	1893	56	
3590	1971	1896	-75	1971	1896	75	
3600	2012	1914	-98	2012	1998	14	1977	1914	63	
3610	2020	1927	-93	2020	1990	30	1980	1938	42	1927	1927	0	
3620	2022	1946	-76	2022	1988	34	1982	1946	36	
3630	2025	1955	-70	2025	1955	70	
3640	2030	1961	-69	2030	1975	55	1972	1961	11	
3650	2112	1964	-148	2112	2098	14	2035	2007	28	2002	1977	25	1967	1964	3	
3660	2121	1979	-142	2121	2093	28	2040	2014	26	1995	1979	16	
3670	2127	1982	-145	2127	2088	39	2044	2022	22	1991	1982	9	
3680	2131	2028	-103	2131	2083	48	2053	2028	25	
3690	2133	2032	-101	2133	2079	54	2070	2069	1	2062	2032	30	
3700	2135	2036	-99	2135	2111	24	2100	2036	64	
3710	2138	2039	-99	2138	2118	20	2095	2039	56	
3720	2191	2042	-149	2191	2179	12	2141	2123	18	2089	2042	47	
3730	2194	2047	-147	2194	2168	26	2144	2129	15	2085	2056	29	2053	2047	6	
3740	2197	2060	-137	2197	2162	35	2150	2133	17	2079	2077	2	2074	2060	14	
3750	2198	2137	-61	2198	2159	39	2152	2137	15	
3760	2201	2139	-62	2201	2188	13	2181	2139	42	
3770	2268	2141	-127	2268	2259	9	2204	2192	12	2177	2141	36	
3780	2275	2144	-131	2275	2252	23	2226	2223	3	2207	2195	12	2173	2144	29	
3790	2279	2150	-129	2279	2249	30	2229	2218	11	2212	2197	15	2164	2150	14	
3800	2284	2200	-84	2284	2247	37	2240	2239	1	2232	2200	32	
3810	2285	2204	-81	2285	2246	39	2243	2236	7	2234	2204	30	
3820	2290	2206	-84	2290	2268	22	2258	2206	52	
3830	2331	2206	-125	2331	2326	5	2297	2271	26	2256	2206	50	
3840	2339	2209	-130	2339	2311	28	2309	2278	31	2249	2229	20	2219	2209	10	
3850	2398	2234	-164	2398	2383	15	2344	2284	60	2246	2234	12	
3860	2454	2288	-166	2454	2452	2	2431	2421	10	2403	2379	24	2347	2288	59	
3870	2456	2293	-163	2456	2418	38	2405	2376	29	2364	2360	4	2357	2355	2	2349	2293	56	
3880	2458	2299	-159	2458	2416	42	2409	2333	76	2323	2299	24	
3890	2461	2309	-152	2461	2340	121	2312	2309	3	
3900	2463	2345	-118	2463	2393	70	2383	2345	38	
3910	2466	2347	-119	2466	2431	35	2423	2399	24	2380	2347	33	
3920	2468	2349	-119	2468	2437	31	2419	2402	17	2377	2349	28	
3930	2471	2351	-120	2471	2452	19	2417	2406	11	2374	2366	8	2364	2351	13	
3940	2472	2460	-12	2472	2460	12	
3950	2474	2462	-12	2474	2462	12	
3960	2486	2464	-22	2486	2464	22	
3970	2557	2467	-90	2557	2554	3	2548	2536	12	2489	2467	22	
3980	2560	2470	-90	2560	2534	26	2491	2470	21	
3990	2564	2472	-92	2564	2532	32	2495	2472	23	
4000	2565	2475	-90	2565	2521	44	2496	2475	21	
4010	2568	2483	-85	2568	2514	54	2500	2483	17	
4020	2572	2489	-83	2572	2547	25	2537	2510	27	2506	2489	17	
4030	2575	2492	-83	2575	2562	13	2534	2492	42	
4040	2577	2494	-83	2577	2564	13	2530	2528	2	2523	2494	29	
4050	2617	2497	-120	2617	2608	9	2597	2594	3	2580	2566	14	2519	2497	22	
4060	2619	2501	-118	2619	2592	27	2587	2569	18	2513	2501	12	
4070	2827	2505	-322	2827	2823	4	2623	2573	50	2507	2505	2	
4080	2829	2576	-253	2829	2820	9	2655	2654	1	2629	2576	53	
4090	2832	2578	-254	2832	2818	14	2660	2648	12	2633	2578	55	
4100	2834	2580	-254	2834	2815	19	2669	2617	52	2609	2580	29	
4110	2849	2586	-263	2849	2842	7	2839	2812	27	2743	2728	15	2693	2687	6	2677	2619	58	2607	2599	8	2591	2586	5	
4120	2854	2624	-230	2854	2828	26	2822	2812	10	2745	2724	21	2696	2624	72	
4130	2857	2632	-225	2857	2832	25	2818	2809	9	2749	2721	28	2699	2656	43	2654	2632	22	
4140	2861	2636	-225	2861	2833	28	2816	2807	9	2756	2717	39	2704	2662	42	2648	2636	12	
4150	2864	2670	-194	2864	2836	28	2814	2804	10	2776	2670	106	
4160	2871	2678	-193	2871	2847	24	2842	2840	2	2812	2798	14	2795	2737	58	2729	2692	37	2687	2678	9	
4170	2873	2698	-175	2873	2856	17	2809	2747	62	2722	2698	24	
4180	2875	2703	-172	2875	2860	15	2807	2755	52	2718	2703	15	
4190	2877	2708	-169	2877	2862	15	2805	2757	48	2716	2708	8	
4200	2881	2759	-122	2881	2864	17	2804	2759	45	
4210	2886	2763	-123	2886	2869	17	2802	2776	26	2767	2763	4	
4220	2888	2874	-14	2888	2874	14	
4230	2888	2877	-11	2888	2877	11	
4240	2892	2879	-13	2892	2879	13	
4250	2896	2881	-15	2896	2881	15	
4260	2899	2884	-15	2899	2884	15	
4270	2902	2888	-14	2902	2888	14	
4280	2904	2890	-14	2904	2890	14	
4290	2907	2892	-15	2907	2892	15	
4300	2911	2895	-16	2911	2895	16	
4310	2915	2898	-17	2915	2898	17	
4320	2918	2902	-16	2918	2902	16	
4330	2923	2904	-19	2923	2904	19	
4340	3007	2906	-101	3007	2989	18	2931	2906	25	
4350	3009	2911	-98	3009	2963	46	2956	2949	7	2941	2911	30	
4360	3011	2917	-94	3011	2947	64	2943	2917	26	
4370	3014	2922	-92	3014	2922	92	
4380	3019	2925	-94	3019	2925	94	
4390	3079	2926	-153	3079	3068	11	3024	2998	26	2993	2926	67	
4400	3086	2928	-158	3086	3059	27	3028	3004	24	2987	2928	59	
4410	3090	2942	-148	3090	3010	80	2978	2962	16	2948	2942	6	
4420	3090	3022	-68	3090	3022	68	
4430	3094	3024	-70	3094	3078	16	3070	3024	46	
4440	3260	3026	-234	3260	3252	8	3098	3081	17	3066	3026	40	
4450	3305	3027	-278	3305	3304	1	3262	3242	20	3103	3083	20	3065	3027	38	
4460	3313	3029	-284	3313	3292	21	3287	3273	14	3263	3237	26	3170	3161	9	3114	3087	27	3057	3029	28	
4470	3325	3092	-233	3325	3270	55	3264	3233	31	3221	3219	2	3173	3159	14	3119	3092	27	
4480	3327	3096	-231	3327	3261	66	3252	3217	35	3179	3158	21	3122	3096	26	
4490	3329	3099	-230	3329	3263	66	3244	3214	30	3186	3154	32	3130	3099	31	
4500	3335	3102	-233	3335	3307	28	3302	3279	23	3276	3265	11	3239	3209	30	3192	3149	43	3139	3102	37	
4510	3339	3105	-234	3339	3316	23	3291	3288	3	3272	3267	5	3235	3201	34	3199	3166	33	3164	3105	59	
4520	3347	3117	-230	3347	3324	23	3229	3225	4	3217	3171	46	3160	3117	43	
4530	3350	3124	-226	3350	3331	19	3212	3182	30	3156	3124	32	
4540	3354	3131	-223	3354	3334	20	3210	3188	22	3153	3131	22	
4550	3358	3138	-220	3358	3336	22	3207	3192	15	3150	3138	12	
4560	3361	3142	-219	3361	3339	22	3202	3197	5	3145	3142	3	
4570	3361	3348	-13	3361	3348	13	
4580	3363	3350	-13	3363	3350	13	
4590	3366	3353	-13	3366	3353	13	
4600	3482	3355	-127	3482	3476	6	3368	3355	13	
4610	3486	3361	-125	3486	3471	15	3370	3361	9	
4620	3489	3363	-126	3489	3470	19	3371	3363	8	
4630	3492	3366	-126	3492	3468	24	3373	3366	7	
4640	3495	3367	-128	3495	3458	37	3375	3367	8	
4650	3496	3370	-126	3496	3482	14	3475	3436	39	3377	3370	7	
4660	3498	3372	-126	3498	3488	10	3470	3431	39	3378	3372	6	
4670	3511	3373	-138	3511	3491	20	3467	3426	41	3400	3400	0	3380	3373	7	
4680	3515	3375	-140	3515	3494	21	3463	3423	40	3416	3407	9	3404	3396	8	3382	3375	7	
4690	3517	3376	-141	3517	3497	20	3451	3442	9	3440	3393	47	3386	3376	10	
4700	3617	3378	-239	3617	3614	3	3518	3498	20	3431	3378	53	
4710	3621	3380	-241	3621	3606	15	3520	3501	19	3425	3380	45	
4720	3625	3382	-243	3625	3599	26	3523	3510	13	3422	3382	40	
4730	3627	3384	-243	3627	3586	41	3529	3516	13	3411	3405	6	3397	3384	13	
4740	3629	3518	-111	3629	3579	50	3532	3518	14	
4750	3630	3521	-109	3630	3618	12	3608	3576	32	3573	3559	14	3534	3521	13	
4760	3631	3523	-108	3631	3622	9	3601	3556	45	3537	3523	14	
4770	3633	3525	-108	3633	3626	7	3594	3549	45	3540	3525	15	
4780	3634	3531	-103	3634	3628	6	3582	3531	51	
4790	3635	3535	-100	3635	3630	5	3578	3535	43	
4800	3637	3536	-101	3637	3631	6	3576	3573	3	3561	3536	25	
4810	3638	3538	-100	3638	3632	6	3554	3538	16	
4820	3641	3540	-101	3641	3634	7	3551	3540	11	
4830	3645	3545	-100	3645	3635	10	3546	3545	1	
4840	3646	3637	-9	3646	3637	9	
4850	3649	3639	-10	3649	3639	10	
4860	3651	3640	-11	3651	3640	11	
4870	3654	3641	-13	3654	3641	13	
4880	3691	3643	-48	3691	3684	7	3660	3643	17	
4890	3693	3647	-46	3693	3677	16	3670	3668	2	3666	3647	19	
4900	3695	3652	-43	3695	3652	43	
4910	3699	3656	-43	3699	3656	43	
4920	3703	3659	-44	3703	3659	44	
4930	3707	3660	-47	3707	3690	17	3684	3660	24	
4940	3754	3661	-93	3754	3753	1	3749	3742	7	3730	3730	0	3712	3691	21	3683	3661	22	
4950	3764	3696	-68	3764	3723	41	3715	3696	19	
4960	3767	3704	-63	3767	3721	46	3717	3704	13	
4970	3770	3708	-62	3770	3708	62	
4980	3777	3710	-67	3777	3710	67	
4990	3790	3711	-79	3790	3757	33	3751	3748	3	3743	3711	32	
5000	3796	3713	-83	3796	3760	36	3739	3728	11	3723	3713	10	
5010	3901	3716	-185	3901	3900	1	3893	3880	13	3799	3764	35	3720	3716	4	
5020	3925	3774	-151	3925	3920	5	3909	3878	31	3801	3774	27	
5030	3930	3786	-144	3930	3877	53	3802	3786	16	
5040	3935	3792	-143	3935	3874	61	3806	3792	14	
5050	3940	3795	-145	3940	3886	54	3884	3858	26	3813	3795	18	
5060	3942	3798	-144	3942	3893	49	3880	3855	25	3846	3829	17	3823	3798	25	
5070	3945	3802	-143	3945	3909	36	3876	3802	74	
5080	3951	3804	-147	3951	3925	26	3917	3917	0	3874	3804	70	
5090	3955	3809	-146	3955	3934	21	3871	3863	8	3861	3809	52	
5100	3958	3814	-144	3958	3937	21	3857	3814	43	
5110	3961	3819	-142	3961	3940	21	3854	3843	11	3836	3819	17	
5120	3965	3830	-135	3965	3942	23	3830	3830	0	
5130	3966	3949	-17	3966	3949	17	
5140	3969	3953	-16	3969	3953	16	
5150	3973	3956	-17	3973	3956	17	
5160	3977	3959	-18	3977	3959	18	
5170	3982	3962	-20	3982	3962	20	
5180	4031	3964	-67	4031	4026	5	3990	3964	26	
5190	4034	3968	-66	4034	4020	14	3993	3968	25	
5200	4037	3972	-65	4037	4017	20	3997	3972	25	
5210	4039	3977	-62	4039	4012	27	4001	3977	24	
5220	4040	3983	-57	4040	4007	33	4004	3983	21	
5230	4042	3988	-54	4042	4030	12	4028	3988	40	
5240	4046	3990	-56	4046	4035	11	4024	3990	34	
5250	4217	3992	-225	4217	4214	3	4150	4136	14	4053	4036	17	4022	3992	30	
5260	4221	3997	-224	4221	4210	11	4157	4133	24	4066	4038	28	4017	3997	20	
5270	4224	4001	-223	4224	4206	18	4163	4131	32	4071	4040	31	4012	4001	11	
5280	4225	4043	-182	4225	4203	22	4166	4129	37	4112	4099	13	4074	4043	31	
5290	4227	4045	-182	4227	4200	27	4168	4127	41	4117	4096	21	4080	4045	35	
5300	4227	4048	-179	4227	4197	30	4170	4125	45	4122	4088	34	4082	4048	34	
5310	4229	4051	-178	4229	4192	37	4175	4143	32	4134	4051	83	
5320	4231	4054	-177	4231	4221	10	4208	4150	58	4131	4054	77	
5330	4234	4061	-173	4234	4223	11	4205	4154	51	4129	4061	68	
5340	4239	4065	-174	4239	4224	15	4203	4155	48	4128	4112	16	4099	4065	34	
5350	4257	4073	-184	4257	4226	31	4202	4163	39	4126	4117	9	4095	4073	22	
5360	4313	4081	-232	4313	4298	15	4260	4228	32	4197	4170	27	4087	4081	6	
5370	4317	4177	-140	4317	4295	22	4262	4231	31	4192	4177	15	
5380	4321	4233	-88	4321	4291	30	4264	4233	31	
5390	4322	4237	-85	4322	4289	33	4265	4237	28	
5400	4325	4240	-85	4325	4284	41	4268	4240	28	
5410	4328	4254	-74	4328	4276	52	4274	4254	20	
5420	4330	4259	-71	4330	4309	21	4303	4259	44	
5430	4332	4261	-71	4332	4315	17	4298	4261	37	
5440	4335	4264	-71	4335	4319	16	4292	4264	28	
5450	4338	4266	-72	4338	4322	16	4288	4266	22	
5460	4342	4269	-73	4342	4325	17	4283	4269	14	
5470	4345	4273	-72	4345	4327	18	4278	4273	5	
5480	4347	4331	-16	4347	4331	16	
5490	4351	4334	-17	4351	4334	17	
5500	4354	4336	-18	4354	4336	18	
5510	4358	4339	-19	4358	4339	19	
5520	4362	4341	-21	4362	4341	21	
5530	4436	4343	-93	4436	4424	12	4367	4343	24	
5540	4443	4346	-97	4443	4419	24	4394	4387	7	4371	4346	25	
5550	4445	4351	-94	4445	4418	27	4400	4380	20	4373	4351	22	
5560	4446	4355	-91	4446	4416	30	4402	4355	47	
5570	4447	4360	-87	4447	4411	36	4405	4360	45	
5580	4448	4366	-82	4448	4366	82	
5590	4453	4367	-86	4453	4435	18	4429	4367	62	
5600	4457	4369	-88	4457	4439	18	4424	4369	55	
5610	4482	4371	-111	4482	4479	3	4460	4442	18	4422	4371	51	
5620	4490	4374	-116	4490	4467	23	4465	4446	19	4419	4397	22	4378	4374	4	
5630	4493	4409	-84	4493	4449	44	4411	4409	2	
5640	4494	4453	-41	4494	4453	41	
5650	4512	4455	-57	4512	4510	2	4501	4455	46	
5660	4522	4458	-64	4522	4458	64	
5670	4532	4461	-71	4532	4461	71	
5680	4541	4463	-78	4541	4485	56	4477	4472	5	4469	4463	6	
5690	4544	4491	-53	4544	4491	53	
5700	4546	4497	-49	4546	4497	49	
5710	4580	4496	-84	4580	4572	8	4557	4496	61	
5720	4598	4503	-95	4598	4514	84	4508	4503	5	
5730	4607	4534	-73	4607	4534	73	
5740	4615	4541	-74	4615	4541	74	
5750	4677	4545	-132	4677	4673	4	4668	4660	8	4652	4638	14	4617	4545	72	
5760	4680	4549	-131	4680	4634	46	4618	4549	69	
5770	4684	4553	-131	4684	4581	103	4567	4553	14	
5780	4687	4593	-94	4687	4593	94	
5790	4689	4604	-85	4689	4604	85	
5800	4706	4613	-93	4706	4650	56	4641	4613	28	
5810	4710	4617	-93	4710	4654	56	4637	4617	20	
5820	4719	4620	-99	4719	4683	36	4633	4620	13	
5830	4720	4688	-32	4720	4688	32	
5840	4763	4689	-74	4763	4757	6	4724	4689	35	
5850	4777	4691	-86	4777	4774	3	4768	4752	16	4744	4734	10	4727	4691	36	
5860	4779	4708	-71	4779	4732	47	4728	4708	20	
5870	4781	4715	-66	4781	4715	66	
5880	4784	4720	-64	4784	4720	64	
5890	4787	4723	-64	4787	4723	64	
5900	4791	4725	-66	4791	4725	66	
5910	4822	4726	-96	4822	4817	5	4798	4726	72	
5920	4828	4729	-99	4828	4813	15	4806	4738	68	4733	4729	4	
5930	4838	4746	-92	4838	4771	67	4751	4746	5	
5940	4839	4787	-52	4839	4787	52	
5950	4843	4792	-51	4843	4792	51	
5960	4891	4793	-98	4891	4890	1	4880	4868	12	4847	4793	54	
5970	4896	4797	-99	4896	4865	31	4851	4824	27	4815	4797	18	
5980	4927	4806	-121	4927	4923	4	4905	4862	43	4855	4830	25	4812	4806	6	
5990	4930	4839	-91	4930	4919	11	4910	4861	49	4857	4839	18	
6000	4932	4845	-87	4932	4916	16	4913	4845	68	
6010	4939	4847	-92	4939	4878	61	4871	4847	24	
6020	4945	4848	-97	4945	4892	53	4887	4882	5	4869	4848	21	
6030	4982	4852	-130	4982	4970	12	4963	4898	65	4863	4852	11	
6040	4988	4858	-130	4988	4929	59	4927	4909	18	4861	4858	3	
6050	4995	4934	-61	4995	4934	61	
6060	4997	4942	-55	4997	4942	55	
6070	5008	4943	-65	5008	4943	65	
6080	5028	4948	-80	5028	4948	80	
6090	5045	4960	-85	5045	4977	68	4970	4960	10	
6100	5049	4992	-57	5049	4992	57	
6110	5053	4996	-57	5053	4996	57	
6120	5193	4999	-194	5193	5180	13	5059	4999	60	
6130	5201	5002	-199	5201	5176	25	5068	5002	66	
6140	5205	5007	-198	5205	5151	54	5131	5130	1	5117	5107	10	5078	5007	71	
6150	5206	5039	-167	5206	5145	61	5136	5124	12	5122	5092	30	5081	5039	42	
6160	5206	5052	-154	5206	5142	64	5138	5089	49	5082	5052	30	
6170	5208	5058	-150	5208	5193	15	5179	5058	121	
6180	5210	5065	-145	5210	5198	12	5176	5065	111	
6190	5212	5070	-142	5212	5202	10	5173	5070	103	
6200	5215	5073	-142	5215	5204	11	5168	5073	95	
6210	5219	5075	-144	5219	5205	14	5167	5114	53	5111	5075	36	
6220	5282	5077	-205	5282	5269	13	5261	5242	19	5227	5205	22	5164	5136	28	5132	5117	15	5107	5096	11	5094	5077	17	
6230	5290	5208	-82	5290	5237	53	5230	5208	22	
6240	5292	5211	-81	5292	5238	54	5231	5211	20	
6250	5294	5214	-80	5294	5237	57	5233	5214	19	
6260	5296	5217	-79	5296	5236	60	5234	5217	17	
6270	5298	5219	-79	5298	5219	79	
6280	5302	5222	-80	5302	5222	80	
6290	5307	5221	-86	5307	5282	25	5275	5221	54	
6300	5313	5222	-91	5313	5288	25	5271	5222	49	
6310	5317	5225	-92	5317	5295	22	5265	5225	40	
6320	5320	5228	-92	5320	5298	22	5257	5228	29	
6330	5340	5230	-110	5340	5333	7	5324	5299	25	5250	5230	20	
6340	5352	5303	-49	5352	5303	49	
6350	5358	5309	-49	5358	5309	49	
6360	5362	5315	-47	5362	5315	47	
6370	5365	5319	-46	5365	5319	46	
6380	5373	5319	-54	5373	5319	54	
6390	5462	5321	-141	5462	5445	17	5419	5408	11	5377	5321	56	
6400	5464	5325	-139	5464	5435	29	5425	5404	21	5381	5325	56	
6410	5466	5340	-126	5466	5400	66	5387	5357	30	5351	5340	11	
6420	5467	5366	-101	5467	5399	68	5390	5366	24	
6430	5468	5372	-96	5468	5397	71	5393	5372	21	
6440	5470	5374	-96	5470	5460	10	5451	5374	77	
6450	5472	5377	-95	5472	5463	9	5448	5377	71	
6460	5475	5379	-96	5475	5464	11	5446	5416	30	5410	5379	31	
6470	5477	5382	-95	5477	5465	12	5443	5419	24	5406	5382	24	
6480	5479	5387	-92	5479	5467	12	5434	5423	11	5403	5387	16	
6490	5481	5469	-12	5481	5469	12	
6500	5481	5472	-9	5481	5472	9	
6510	5483	5473	-10	5483	5473	10	
6520	5506	5473	-33	5506	5501	5	5489	5473	16	
6530	5510	5476	-34	5510	5476	34	
6540	5515	5477	-38	5515	5477	38	
6550	5522	5480	-42	5522	5480	42	
6560	5528	5482	-46	5528	5482	46	
6570	5535	5483	-52	5535	5483	52	
6580	5551	5486	-65	5551	5486	65	
6590	5603	5488	-115	5603	5596	7	5557	5506	51	5503	5488	15	
6600	5608	5493	-115	5608	5591	17	5561	5510	51	5495	5493	2	
6610	5610	5518	-92	5610	5589	21	5563	5518	45	
6620	5613	5527	-86	5613	5585	28	5568	5527	41	
6630	5615	5535	-80	5615	5580	35	5573	5535	38	
6640	5617	5547	-70	5617	5547	70	
6650	5620	5558	-62	5620	5601	19	5598	5558	40	
6660	5623	5560	-63	5623	5607	16	5593	5560	33	
6670	5625	5563	-62	5625	5610	15	5590	5563	27	
6680	5629	5565	-64	5629	5613	16	5588	5565	23	
6690	5633	5569	-64	5633	5615	18	5585	5569	16	
6700	5637	5573	-64	5637	5617	20	5581	5573	8	
6710	5640	5620	-20	5640	5620	20	
6720	5657	5621	-36	5657	5651	6	5644	5621	23	
6730	5659	5626	-33	5659	5626	33	
6740	5662	5629	-33	5662	5629	33	
6750	5669	5629	-40	5669	5629	40	
6760	5704	5633	-71	5704	5684	20	5672	5633	39	
6770	5707	5639	-68	5707	5678	29	5676	5639	37	
6780	5712	5643	-69	5712	5656	56	5652	5643	9	
6790	5716	5660	-56	5716	5660	56	
6800	5718	5665	-53	5718	5665	53	
6810	5723	5668	-55	5723	5668	55	
6820	5728	5672	-56	5728	5672	56	
6830	5733	5674	-59	5733	5700	33	5694	5674	20	
6840	5739	5682	-57	5739	5707	32	5683	5682	1	
6850	5739	5715	-24	5739	5715	24	
6860	5745	5716	-29	5745	5716	29	
6870	5765	5720	-45	5765	5720	45	
6880	5778	5724	-54	5778	5724	54	
6890	5790	5728	-62	5790	5728	62	
6900	5806	5731	-75	5806	5731	75	
6910	5835	5737	-98	5835	5824	11	5812	5737	75	
6920	5836	5747	-89	5836	5747	89	
6930	5840	5754	-86	5840	5754	86	
6940	5867	5754	-113	5867	5865	2	5844	5754	90	
6950	5878	5777	-101	5878	5777	101	
6960	5885	5794	-91	5885	5794	91	
6970	5891	5808	-83	5891	5834	57	5825	5808	17	
6980	5898	5814	-84	5898	5837	61	5817	5814	3	
6990	5967	5841	-126	5967	5955	12	5905	5841	64	
7000	5972	5844	-128	5972	5952	20	5914	5868	46	5864	5844	20	
7010	5976	5847	-129	5976	5948	28	5920	5877	43	5856	5847	9	
7020	5978	5887	-91	5978	5946	32	5922	5887	35	
7030	5980	5891	-89	5980	5943	37	5925	5891	34	
7040	5982	5896	-86	5982	5938	44	5931	5896	35	
7050	5985	5901	-84	5985	5967	18	5954	5901	53	
7060	5988	5910	-78	5988	5971	17	5951	5910	41	
7070	5994	5916	-78	5994	5974	20	5948	5916	32	
7080	6001	5921	-80	6001	5977	24	5945	5921	24	
7090	6006	5924	-82	6006	5979	27	5942	5924	18	
7100	6010	5928	-82	6010	5981	29	5939	5928	11	
7110	6015	5933	-82	6015	5983	32	5933	5933	0	
7120	6016	5987	-29	6016	5987	29	
7130	6021	5990	-31	6021	5990	31	
7140	6046	5991	-55	6046	6042	4	6031	5991	40	
7150	6051	6001	-50	6051	6001	50	
7160	6055	6007	-48	6055	6007	48	
7170	6058	6012	-46	6058	6012	46	
7180	6062	6017	-45	6062	6017	45	
7190	6067	6021	-46	6067	6021	46	
7200	6073	6025	-48	6073	6025	48	
7210	6080	6028	-52	6080	6028	52	
7220	6094	6033	-61	6094	6046	48	6037	6033	4	
7230	6154	6049	-105	6154	6147	7	6102	6049	53	
7240	6201	6053	-148	6201	6193	8	6179	6177	2	6173	6172	1	6161	6139	22	6113	6053	60	
7250	6204	6059	-145	6204	6189	15	6182	6167	15	6164	6138	26	6118	6059	59	
7260	6206	6065	-141	6206	6136	70	6121	6065	56	
7270	6209	6071	-138	6209	6134	75	6124	6071	53	
7280	6210	6079	-131	6210	6130	80	6127	6079	48	
7290	6214	6087	-127	6214	6087	127	
7300	6218	6092	-126	6218	6092	126	
7310	6224	6091	-133	6224	6201	23	6193	6178	15	6174	6091	83	
7320	6228	6094	-134	6228	6204	24	6190	6182	8	6171	6094	77	
7330	6231	6095	-136	6231	6206	25	6169	6153	16	6145	6095	50	
7340	6235	6101	-134	6235	6209	26	6165	6159	6	6140	6101	39	
7350	6239	6108	-131	6239	6213	26	6135	6108	27	
7360	6245	6118	-127	6245	6215	30	6129	6118	11	
7370	6249	6219	-30	6249	6219	30	
7380	6328	6223	-105	6328	6317	11	6254	6223	31	
7390	6339	6227	-112	6339	6314	25	6257	6227	30	
7400	6353	6229	-124	6353	6310	43	6298	6295	3	6264	6229	35	
7410	6359	6232	-127	6359	6291	68	6269	6232	37	
7420	6362	6238	-124	6362	6280	82	6273	6238	35	
7430	6366	6247	-119	6366	6247	119	
7440	6374	6249	-125	6374	6327	47	6317	6249	68	
7450	6380	6252	-128	6380	6333	47	6314	6252	62	
7460	6391	6257	-134	6391	6344	47	6311	6257	54	
7470	6395	6261	-134	6395	6351	44	6308	6261	47	
7480	6410	6266	-144	6410	6354	56	6290	6266	24	
7490	6419	6273	-146	6419	6418	1	6415	6367	48	6282	6273	9	
7500	6420	6378	-42	6420	6378	42	
7510	6425	6388	-37	6425	6388	37	
7520	6427	6394	-33	6427	6394	33	
7530	6431	6398	-33	6431	6398	33	
7540	6436	6402	-34	6436	6409	27	6407	6402	5	
7550	6440	6413	-27	6440	6413	27	
7560	6447	6420	-27	6447	6420	27	
7570	6451	6427	-24	6451	6427	24	
7580	6454	6430	-24	6454	6430	24	
7590	6458	6433	-25	6458	6433	25	
7600	6462	6437	-25	6462	6437	25	
7610	6465	6440	-25	6465	6440	25	
7620	6469	6444	-25	6469	6444	25	
7630	6474	6450	-24	6474	6450	24	
7640	6492	6454	-38	6492	6487	5	6479	6454	25	
7650	6495	6460	-35	6495	6460	35	
7660	6499	6464	-35	6499	6464	35	
7670	6557	6464	-93	6557	6552	5	6525	6520	5	6505	6464	41	
7680	6566	6469	-97	6566	6545	21	6529	6517	12	6511	6469	42	
7690	6586	6475	-111	6586	6582	4	6569	6541	28	6531	6475	56	
7700	6588	6479	-109	6588	6579	9	6571	6538	33	6533	6479	54	
7710	6591	6497	-94	6591	6497	94	
7720	6591	6505	-86	6591	6505	86	
7730	6594	6505	-89	6594	6557	37	6549	6505	44	
7740	6602	6506	-96	6602	6557	45	6548	6506	42	
7750	6635	6528	-107	6635	6562	73	6544	6528	16	
7760	6638	6535	-103	6638	6589	49	6578	6571	7	6538	6535	3	
7770	6637	6594	-43	6637	6594	43	
7780	6640	6597	-43	6640	6597	43	
7790	6642	6600	-42	6642	6600	42	
7800	6646	6603	-43	6646	6603	43	
7810	6652	6606	-46	6652	6606	46	
7820	6679	6611	-68	6679	6633	46	6620	6611	9	
7830	6680	6641	-39	6680	6641	39	
7840	6683	6644	-39	6683	6644	39	
7850	6686	6647	-39	6686	6647	39	
7860	6690	6649	-41	6690	6649	41	
7870	6735	6649	-86	6735	6725	10	6697	6649	48	
7880	6748	6652	-96	6748	6720	28	6707	6652	55	
7890	6769	6656	-113	6769	6677	92	6671	6656	15	
7900	6802	6681	-121	6802	6787	15	6776	6681	95	
7910	6812	6690	-122	6812	6783	29	6778	6690	88	
7920	6822	6694	-128	6822	6694	128	
7930	6996	6696	-300	6996	6994	2	6982	6972	10	6909	6885	24	6827	6696	131	
7940	7022	6699	-323	7022	7012	10	7004	6967	37	6946	6935	11	6914	6880	34	6841	6747	94	6735	6734	1	6724	6699	25	
7950	7026	6710	-316	7026	6959	67	6951	6932	19	6918	6878	40	6858	6853	5	6847	6768	79	6716	6710	6	
7960	7027	6776	-251	7027	6930	97	6920	6876	44	6862	6802	60	6787	6776	11	
7970	7029	6822	-207	7029	6926	103	6923	6874	49	6866	6822	44	
7980	7035	6826	-209	7035	6904	131	6886	6826	60	
7990	7041	6828	-213	7041	7017	24	7014	6981	33	6973	6909	64	6883	6828	55	
8000	7045	6830	-215	7045	7020	25	7011	7001	10	6991	6984	7	6971	6911	60	6882	6830	52	
8010	7047	6833	-214	7047	7023	24	6967	6944	23	6934	6913	21	6880	6833	47	
8020	7049	6841	-208	7049	7027	22	6958	6950	8	6930	6918	12	6877	6841	36	
8030	7056	6847	-209	7056	7029	27	6874	6857	17	6852	6847	5	
8040	7057	7036	-21	7057	7036	21	
8050	7058	7042	-16	7058	7042	16	
8060	7060	7045	-15	7060	7045	15	
8070	7063	7047	-16	7063	7047	16	
8080	7068	7049	-19	7068	7049	19	
8090	7073	7055	-18	7073	7055	18	
8100	7075	7058	-17	7075	7058	17	
8110	7125	7058	-67	7125	7114	11	7080	7058	22	
8120	7132	7061	-71	7132	7103	29	7081	7061	20	
8130	7139	7064	-75	7139	7097	42	7084	7064	20	
8140	7169	7068	-101	7169	7168	1	7163	7156	7	7141	7068	73	
8150	7172	7075	-97	7172	7151	21	7142	7075	67	
8160	7174	7079	-95	7174	7148	26	7145	7079	66	
8170	7180	7078	-102	7180	7078	102	
8180	7293	7081	-212	7293	7272	21	7251	7228	23	7183	7081	102	
8190	7303	7083	-220	7303	7219	84	7189	7127	62	7103	7083	20	
8200	7308	7087	-221	7308	7211	97	7195	7139	56	7097	7087	10	
8210	7312	7145	-167	7312	7175	137	7149	7145	4	
8220	7309	7179	-130	7309	7179	130	
8230	7316	7182	-134	7316	7182	134	
8240	7325	7186	-139	7325	7186	139	
8250	7337	7189	-148	7337	7239	98	7232	7189	43	
8260	7349	7192	-157	7349	7245	104	7241	7241	0	7231	7192	39	
8270	7447	7196	-251	7447	7430	17	7422	7412	10	7360	7280	80	7278	7255	23	7226	7196	30	
8280	7449	7201	-248	7449	7407	42	7372	7293	79	7221	7201	20	
8290	7450	7307	-143	7450	7396	54	7375	7307	68	
8300	7452	7325	-127	7452	7393	59	7379	7325	54	
8310	7454	7334	-120	7454	7390	64	7382	7334	48	
8320	7466	7344	-122	7466	7463	3	7459	7344	115	
8330	7472	7352	-120	7472	7352	120	
8340	7480	7354	-126	7480	7444	36	7442	7423	19	7412	7354	58	
8350	7487	7356	-131	7487	7446	41	7434	7424	10	7411	7356	55	
8360	7502	7361	-141	7502	7449	53	7407	7361	46	
8370	7513	7373	-140	7513	7452	61	7394	7373	21	
8380	7516	7383	-133	7516	7456	60	7387	7383	4	
8390	7518	7474	-44	7518	7474	44	
8400	7519	7480	-39	7519	7480	39	
8410	7524	7484	-40	7524	7484	40	
8420	7530	7487	-43	7530	7487	43	
8430	7535	7491	-44	7535	7491	44	
8440	7541	7495	-46	7541	7509	32	7507	7495	12	
8450	7567	7514	-53	7567	7559	8	7550	7514	36	
8460	7569	7520	-49	7569	7557	12	7552	7520	32	
8470	7571	7525	-46	7571	7525	46	
8480	7574	7530	-44	7574	7530	44	
8490	7576	7535	-41	7576	7535	41	
8500	7578	7540	-38	7578	7540	38	
8510	7581	7543	-38	7581	7543	38	
8520	7583	7546	-37	7583	7546	37	
8530	7586	7548	-38	7586	7566	20	7562	7548	14	
8540	7590	7569	-21	7590	7569	21	
8550	7590	7576	-14	7590	7576	14	
8560	7592	7579	-13	7592	7579	13	
8570	7594	7581	-13	7594	7581	13	
8580	7595	7583	-12	7595	7583	12	
8590	7597	7585	-12	7597	7585	12	
8600	7599	7587	-12	7599	7587	12	
8610	7601	7589	-12	7601	7589	12	
8620	7605	7591	-14	7605	7591	14	
8630	7644	7591	-53	7644	7642	2	7632	7623	9	7608	7591	17	
8640	7649	7593	-56	7649	7618	31	7612	7593	19	
8650	7674	7596	-78	7674	7663	11	7654	7596	58	
8660	7703	7598	-105	7703	7698	5	7680	7598	82	
8670	7713	7600	-113	7713	7693	20	7683	7600	83	
8680	7719	7605	-114	7719	7605	114	
8690	7727	7609	-118	7727	7609	118	
8700	7737	7611	-126	7737	7630	107	7624	7611	13	
8710	7747	7613	-134	7747	7645	102	7641	7635	6	7621	7613	8	
8720	7781	7649	-132	7781	7772	9	7754	7649	105	
8730	7786	7660	-126	7786	7767	19	7757	7660	97	
8740	7811	7679	-132	7811	7804	7	7795	7704	91	7696	7679	17	
8750	7932	7686	-246	7932	7930	2	7906	7905	1	7866	7857	9	7822	7712	110	7688	7686	2	
8760	7935	7730	-205	7935	7927	8	7914	7901	13	7867	7853	14	7847	7730	117	
8770	7937	7743	-194	7937	7924	13	7917	7897	20	7881	7743	138	
8780	7937	7753	-184	7937	7922	15	7918	7889	29	7886	7753	133	
8790	7949	7757	-192	7949	7948	1	7944	7785	159	7767	7757	10	
8800	7951	7793	-158	7951	7793	158	
8810	7957	7794	-163	7957	7817	140	7799	7794	5	
8820	8159	7822	-337	8159	8156	3	7966	7822	144	
8830	8164	7828	-336	8164	8132	32	8130	8130	0	7977	7932	45	7930	7905	25	7902	7828	74	
8840	8168	7834	-334	8168	8116	52	8053	8046	7	7997	7936	61	7925	7916	9	7896	7834	62	
8850	8180	7860	-320	8180	8112	68	8089	8075	14	8061	8041	20	8004	7939	65	7880	7880	0	7865	7864	1	7862	7860	2	
8860	8197	7953	-244	8197	8194	3	8182	8112	70	8090	8074	16	8061	8040	21	8004	7953	51	
8870	8200	7958	-242	8200	8110	90	8091	8071	20	8063	8039	24	8007	7958	49	
8880	8203	7962	-241	8203	8158	45	8149	8103	46	8093	8035	58	8012	7962	50	
8890	8206	7966	-240	8206	8164	42	8142	8032	110	8018	7966	52	
8900	8210	7970	-240	8210	8167	43	8117	7970	147	
8910	8221	7974	-247	8221	8170	51	8113	8087	26	8079	8054	25	8044	7974	70	
8920	8226	7979	-247	8226	8175	51	8111	8089	22	8075	8058	17	8041	7979	62	
8930	8233	7981	-252	8233	8191	42	8189	8186	3	8109	8091	18	8072	8062	10	8039	7981	58	
8940	8240	7990	-250	8240	8199	41	8104	8101	3	8099	8096	3	8036	8013	23	8008	7990	18	
8950	8243	8022	-221	8243	8205	38	8031	8022	9	
8960	8244	8212	-32	8244	8212	32	
8970	8247	8220	-27	8247	8220	27	
8980	8250	8224	-26	8250	8224	26	
8990	8259	8227	-32	8259	8227	32	
9000	8269	8233	-36	8269	8233	36	
9010	8273	8238	-35	8273	8238	35	
9020	8276	8244	-32	8276	8244	32	
9030	8278	8248	-30	8278	8248	30	
9040	8281	8251	-30	8281	8251	30	
9050	8284	8255	-29	8284	8255	29	
9060	8288	8259	-29	8288	8266	22	8263	8259	4	
9070	8291	8274	-17	8291	8274	17	
9080	8293	8277	-16	8293	8277	16	
9090	8295	8280	-15	8295	8280	15	
9100	8297	8282	-15	8297	8282	15	
9110	8300	8285	-15	8300	8285	15	
9120	8304	8286	-18	8304	8286	18	
9130	8314	8289	-25	8314	8289	25	
9140	8327	8291	-36	8327	8291	36	
9150	8416	8294	-122	8416	8412	4	8341	8294	47	
9160	8422	8296	-126	8422	8404	18	8389	8380	9	8378	8376	2	8346	8296	50	
9170	8432	8299	-133	8432	8400	32	8393	8367	26	8348	8299	49	
9180	8439	8304	-135	8439	8364	75	8351	8304	47	
9190	8452	8314	-138	8452	8361	91	8353	8314	39	
9200	8457	8325	-132	8457	8325	132	
9210	8526	8328	-198	8526	8520	6	8465	8328	137	
9220	8533	8342	-191	8533	8514	19	8480	8342	138	
9230	8539	8348	-191	8539	8507	32	8487	8419	68	8409	8386	23	8383	8348	35	
9240	8545	8351	-194	8545	8501	44	8493	8424	69	8402	8393	9	8375	8351	24	
9250	8552	8355	-197	8552	8443	109	8364	8355	9	
9260	8555	8460	-95	8555	8460	95	
9270	8560	8469	-91	8560	8526	34	8523	8469	54	
9280	8592	8470	-122	8592	8589	3	8568	8527	41	8521	8470	51	
9290	8607	8478	-129	8607	8579	28	8574	8534	40	8512	8478	34	
9300	8615	8488	-127	8615	8542	73	8504	8488	16	
9310	8620	8547	-73	8620	8547	73	
9320	8620	8556	-64	8620	8556	64	
9330	8624	8561	-63	8624	8561	63	
9340	8630	8565	-65	8630	8565	65	
9350	8689	8566	-123	8689	8687	2	8637	8566	71	
9360	8699	8570	-129	8699	8676	23	8649	8646	3	8644	8596	48	8586	8570	16	
9370	8701	8613	-88	8701	8670	31	8653	8613	40	
9380	8704	8621	-83	8704	8667	37	8655	8621	34	
9390	8711	8625	-86	8711	8664	47	8658	8625	33	
9400	8723	8631	-92	8723	8631	92	
9410	8734	8636	-98	8734	8636	98	
9420	8747	8637	-110	8747	8695	52	8682	8637	45	
9430	8762	8640	-122	8762	8699	63	8676	8640	36	
9440	8780	8653	-127	8780	8704	76	8671	8653	18	
9450	8791	8659	-132	8791	8709	82	8665	8659	6	
9460	8798	8719	-79	8798	8719	79	
9470	8803	8735	-68	8803	8735	68	
9480	8807	8746	-61	8807	8746	61	
9490	8813	8750	-63	8813	8750	63	
9500	9040	8753	-287	9040	9040	0	8833	8753	80	
9510	9107	8759	-348	9107	9096	11	9092	9092	0	9048	9027	21	8837	8759	78	
9520	9110	8764	-346	9110	9083	27	9052	9022	30	8839	8764	75	
9530	9113	8768	-345	9113	9073	40	9056	9014	42	8908	8906	2	8843	8768	75	
9540	9115	8781	-334	9115	9007	108	8912	8903	9	8850	8781	69	
9550	9117	8791	-326	9117	9004	113	8915	8900	15	8875	8875	0	8869	8791	78	
9560	9119	8807	-312	9119	9002	117	8918	8890	28	8884	8807	77	
9570	9122	8817	-305	9122	8997	125	8922	8817	105	
9580	9130	8821	-309	9130	9104	26	9086	8974	112	8930	8821	109	
9590	9136	8837	-299	9136	9114	22	9081	9038	43	9022	8952	70	8949	8837	112	
9600	9147	8841	-306	9147	9117	30	9076	9052	24	9014	8911	103	8903	8841	62	
9610	9152	8846	-306	9152	9119	33	9071	9057	14	9006	8915	91	8898	8846	52	
9620	9178	8858	-320	9178	9162	16	9160	9121	39	9001	8918	83	8890	8858	32	
9630	9189	8880	-309	9189	9123	66	8998	8920	78	8880	8880	0	
9640	9212	8926	-286	9212	9197	15	9195	9130	65	8981	8926	55	
9650	9217	8939	-278	9217	9137	80	8973	8939	34	
9660	9221	8951	-270	9221	9144	77	8968	8951	17	
9670	9224	9152	-72	9224	9152	72	
9680	9228	9157	-71	9228	9169	59	9164	9157	7	
9690	9235	9175	-60	9235	9175	60	
9700	9243	9187	-56	9243	9187	56	
9710	9248	9201	-47	9248	9206	42	9201	9201	0	
9720	9249	9220	-29	9249	9220	29	
9730	9251	9224	-27	9251	9224	27	
9740	9256	9227	-29	9256	9227	29	
9750	9265	9232	-33	9265	9232	33	
9760	9271	9239	-32	9271	9239	32	
9770	9275	9247	-28	9275	9247	28	
9780	9277	9249	-28	9277	9249	28	
9790	9281	9252	-29	9281	9252	29	
9800	9284	9254	-30	9284	9254	30	
9810	9289	9258	-31	9289	9258	31	
9820	9292	9262	-30	9292	9262	30	
9830	9295	9267	-28	9295	9267	28	
9840	9298	9271	-27	9298	9271	27	
9850	9301	9275	-26	9301	9275	26	
9860	9309	9281	-28	9309	9281	28	
9870	9314	9287	-27	9314	9287	27	
9880	9358	9288	-70	9358	9350	8	9340	9339	1	9319	9288	31	
9890	9361	9292	-69	9361	9346	15	9344	9331	13	9322	9292	30	
9900	9363	9297	-66	9363	9297	66	
9910	9370	9300	-70	9370	9300	70	
9920	9401	9303	-98	9401	9397	4	9380	9303	77	
9930	9435	9316	-119	9435	9432	3	9406	9316	90	
9940	9438	9319	-119	9438	9428	10	9411	9319	92	
9950	9441	9323	-118	9441	9424	17	9416	9323	93	
9960	9445	9336	-109	9445	9336	109	
9970	9638	9334	-304	9638	9633	5	9452	9334	118	
9980	9649	9342	-307	9649	9605	44	9524	9501	23	9497	9494	3	9458	9357	101	9344	9342	2	
9990	9652	9370	-282	9652	9597	55	9586	9582	4	9544	9481	63	9461	9370	91	
10000	9654	9389	-265	9654	9575	79	9549	9474	75	9465	9436	29	9428	9389	39	
10010	9657	9408	-249	9657	9573	84	9552	9443	109	9422	9408	14	
10020	9661	9447	-214	9661	9569	92	9556	9447	109	
10030	9664	9451	-213	9664	9451	213	
10040	9744	9454	-290	9744	9725	19	9672	9454	218	
10050	9758	9454	-304	9758	9716	42	9696	9642	54	9625	9620	5	9614	9512	102	9509	9454	55	
10060	9800	9457	-343	9800	9787	13	9771	9648	123	9604	9524	80	9486	9457	29	
10070	9804	9464	-340	9804	9654	150	9575	9552	23	9475	9464	11	
10080	9805	9560	-245	9805	9661	144	9567	9560	7	
10090	9809	9668	-141	9809	9668	141	
10100	9854	9670	-184	9854	9841	13	9819	9670	149	
10110	9998	9674	-324	9998	9985	13	9869	9743	126	9726	9674	52	
10120	10010	9696	-314	10010	9972	38	9953	9931	22	9874	9748	126	9719	9696	23	
10130	10012	9757	-255	10012	9928	84	9876	9757	119	
10140	10016	9767	-249	10016	9920	96	9880	9799	81	9784	9767	17	
10150	10020	9805	-215	10020	9915	105	9885	9805	80	
10160	10022	9810	-212	10022	9913	109	9889	9810	79	
10170	10026	9816	-210	10026	9907	119	9896	9816	80	
10180	10036	9818	-218	10036	9858	178	9839	9818	21	
10190	10075	9867	-208	10075	10054	21	10044	9867	177	
10200	10076	9874	-202	10076	10053	23	10048	9874	174	
10210	10090	9876	-214	10090	9998	92	9986	9973	13	9965	9876	89	
10220	10099	9877	-222	10099	9999	100	9954	9877	77	
10230	10108	9881	-227	10108	10006	102	9928	9881	47	
10240	10115	9889	-226	10115	10015	100	9914	9889	25	
10250	10128	9895	-233	10128	10019	109	9907	9895	12	
10260	10141	10019	-122	10141	10019	122	
10270	10161	10027	-134	10161	10027	134	
10280	10178	10037	-141	10178	10037	141	
10290	10189	10047	-142	10189	10047	142	
10300	10204	10055	-149	10204	10086	118	10068	10055	13	
10310	10208	10093	-115	10208	10093	115	
10320	10272	10097	-175	10272	10270	2	10216	10097	119	
10330	10390	10106	-284	10390	10378	12	10283	10261	22	10220	10106	114	
10340	10404	10110	-294	10404	10364	40	10289	10255	34	10234	10110	124	
10350	10405	10128	-277	10405	10358	47	10352	10325	27	10290	10249	41	10242	10128	114	
10360	10408	10140	-268	10408	10322	86	10291	10140	151	
10370	10417	10153	-264	10417	10317	100	10294	10153	141	
10380	10427	10171	-256	10427	10313	114	10298	10171	127	
10390	10431	10184	-247	10431	10307	124	10303	10184	119	
10400	10436	10187	-249	10436	10187	249	
10410	10608	10182	-426	10608	10574	34	10443	10270	173	10263	10182	81	
10420	10623	10192	-431	10623	10536	87	10445	10279	166	10255	10192	63	
10430	10640	10197	-443	10640	10515	125	10449	10284	165	10227	10197	30	
10440	10654	10209	-445	10654	10506	148	10453	10389	64	10370	10341	29	10329	10287	42	10212	10209	3	
10450	10661	10292	-369	10661	10502	159	10455	10405	50	10319	10292	27	
10460	10663	10300	-363	10663	10500	163	10456	10428	28	10308	10300	8	
10470	10666	10433	-233	10666	10499	167	10457	10433	24	
10480	10673	10435	-238	10673	10495	178	10460	10435	25	
10490	10683	10438	-245	10683	10490	193	10464	10438	26	
10500	10691	10441	-250	10691	10485	206	10470	10441	29	
10510	10693	10446	-247	10693	10446	247	
10520	10708	10447	-261	10708	10597	111	10587	10447	140	
10530	10724	10448	-276	10724	10604	120	10578	10448	130	
10540	10736	10449	-287	10736	10609	127	10565	10449	116	
10550	10751	10451	-300	10751	10615	136	10550	10451	99	
10560	10770	10453	-317	10770	10624	146	10536	10453	83	
10570	10796	10457	-339	10796	10638	158	10513	10457	56	
10580	10809	10462	-347	10809	10651	158	10501	10462	39	
10590	10818	10467	-351	10818	10665	153	10493	10467	26	
10600	10827	10476	-351	10827	10673	154	10481	10476	5	
10610	10829	10691	-138	10829	10691	138	
10620	10832	10705	-127	10832	10705	127	
10630	10836	10714	-122	10836	10714	122	
10640	10841	10723	-118	10841	10723	118	
10650	10845	10730	-115	10845	10730	115	
10660	10849	10736	-113	10849	10736	113	
10670	10854	10743	-111	10854	10743	111	
10680	10859	10750	-109	10859	10750	109	
10690	10863	10756	-107	10863	10756	107	
10700	10868	10765	-103	10868	10765	103	
10710	10873	10776	-97	10873	10776	97	
10720	10878	10791	-87	10878	10791	87	
10730	10882	10811	-71	10882	10811	71	
10740	10884	10827	-57	10884	10827	57	
10750	10886	10836	-50	10886	10836	50	
10760	10889	10841	-48	10889	10841	48	
10770	10892	10846	-46	10892	10846	46	
10780	10896	10851	-45	10896	10851	45	
10790	10899	10854	-45	10899	10854	45	
10800	10903	10858	-45	10903	10858	45	
10810	10907	10862	-45	10907	10862	45	
10820	10910	10865	-45	10910	10865	45	
10830	10914	10869	-45	10914	10869	45	
10840	10918	10872	-46	10918	10872	46	
10850	10922	10875	-47	10922	10875	47	
10860	10927	10879	-48	10927	10879	48	
10870	10931	10882	-49	10931	10882	49	
10880	10936	10886	-50	10936	10886	50	
10890	10941	10889	-52	10941	10889	52	
10900	10946	10893	-53	10946	10893	53	
10910	10951	10896	-55	10951	10896	55	
10920	10956	10900	-56	10956	10900	56	
10930	10962	10904	-58	10962	10904	58	
10940	10967	10908	-59	10967	10908	59	
10950	10973	10912	-61	10973	10912	61	
10960	10979	10916	-63	10979	10916	63	
10970	10985	10920	-65	10985	10920	65	
10980	10990	10924	-66	10990	10924	66	
10990	10996	10928	-68	10996	10928	68	
11000	11002	10932	-70	11002	10932	70	
11010	11010	10936	-74	11010	10936	74	
11020	11028	10936	-92	11028	10936	92	
11030	11081	10941	-140	11081	11071	10	11067	11066	1	11049	10941	108	
11040	11083	10950	-133	11083	10950	133	
11050	11093	10957	-136	11093	10957	136	
11060	11102	10964	-138	11102	10964	138	
11070	11109	10972	-137	11109	10972	137	
11080	11115	10979	-136	11115	10979	136	
11090	11121	10986	-135	11121	10986	135	
11100	11127	10993	-134	11127	10993	134	
11110	11133	10999	-134	11133	10999	134	
11120	11140	11005	-135	11140	11005	135	
11130	11147	11010	-137	11147	11010	137	
11140	11154	11015	-139	11154	11015	139	
11150	11163	11020	-143	11163	11020	143	
11160	11174	11027	-147	11174	11027	147	
11170	11188	11036	-152	11188	11036	152	
11180	11211	11051	-160	11211	11071	140	11059	11051	8	
11190	11224	11099	-125	11224	11099	125	
11200	11225	11114	-111	11225	11114	111	
11210	11232	11124	-108	11232	11124	108	
11220	11238	11131	-107	11238	11131	107	
11230	11244	11137	-107	11244	11137	107	
11240	11250	11143	-107	11250	11143	107	
11250	11256	11148	-108	11256	11148	108	
11260	11263	11153	-110	11263	11153	110	
11270	11270	11158	-112	11270	11158	112	
11280	11277	11163	-114	11277	11163	114	
11290	11286	11169	-117	11286	11169	117	
11300	11293	11175	-118	11293	11175	118	
11310	11300	11181	-119	11300	11181	119	
11320	11308	11189	-119	11308	11189	119	
11330	11316	11198	-118	11316	11198	118	
11340	11325	11212	-113	11325	11212	113	
11350	11331	11225	-106	11331	11225	106	
11360	11336	11235	-101	11336	11235	101	
11370	11340	11243	-97	11340	11243	97	
11380	11347	11250	-97	11347	11250	97	
11390	11353	11256	-97	11353	11256	97	
11400	11360	11262	-98	11360	11262	98	
11410	11368	11268	-100	11368	11268	100	
11420	11377	11273	-104	11377	11273	104	
11430	11388	11280	-108	11388	11280	108	
11440	11399	11286	-113	11399	11286	113	
11450	11410	11293	-117	11410	11293	117	
11460	11420	11300	-120	11420	11300	120	
11470	11430	11308	-122	11430	11308	122	
11480	11438	11315	-123	11438	11315	123	
11490	11445	11322	-123	11445	11322	123	
11500	11452	11328	-124	11452	11328	124	
11510	11459	11335	-124	11459	11335	124	
11520	11466	11341	-125	11466	11341	125	
11530	11473	11348	-125	11473	11348	125	
11540	11480	11354	-126	11480	11354	126	
11550	11488	11360	-128	11488	11360	128	
11560	11497	11366	-131	11497	11366	131	
11570	11507	11372	-135	11507	11372	135	
11580	11523	11376	-147	11523	11376	147	
11590	11544	11380	-164	11544	11380	164	
11600	11581	11396	-185	11581	11396	185	
11610	11602	11413	-189	11602	11413	189	
11620	11616	11426	-190	11616	11426	190	
11630	11628	11438	-190	11628	11438	190	
11640	11638	11448	-190	11638	11448	190	
11650	11648	11457	-191	11648	11457	191	
11660	11657	11466	-191	11657	11466	191	
11670	11667	11475	-192	11667	11475	192	
11680	11676	11482	-194	11676	11482	194	
11690	11686	11489	-197	11686	11489	197	
11700	11697	11496	-201	11697	11496	201	
11710	11708	11502	-206	11708	11502	206	
11720	11720	11508	-212	11720	11508	212	
11730	11734	11517	-217	11734	11517	217	
11740	11745	11525	-220	11745	11525	220	
11750	11758	11536	-222	11758	11536	222	
11760	11773	11539	-234	11773	11587	186	11580	11580	0	11570	11539	31	
11770	11786	11547	-239	11786	11595	191	11557	11547	10	
11780	11792	11615	-177	11792	11615	177	
11790	11796	11634	-162	11796	11634	162	
11800	11801	11654	-147	11801	11654	147	
11810	11808	11668	-140	11808	11668	140	
11820	11816	11681	-135	11816	11681	135	
11830	11822	11692	-130	11822	11692	130	
11840	11828	11702	-126	11828	11702	126	
11850	11836	11712	-124	11836	11712	124	
11860	11843	11722	-121	11843	11722	121	
11870	11850	11731	-119	11850	11731	119	
11880	11858	11741	-117	11858	11741	117	
11890	11865	11750	-115	11865	11750	115	
11900	11872	11758	-114	11872	11758	114	
11910	11881	11766	-115	11881	11766	115	
11920	11891	11773	-118	11891	11773	118	
11930	11903	11778	-125	11903	11778	125	
11940	11917	11784	-133	11917	11784	133	
11950	11933	11792	-141	11933	11792	141	
11960	11947	11799	-148	11947	11799	148	
11970	11960	11807	-153	11960	11807	153	
11980	11971	11814	-157	11971	11814	157	
11990	11981	11821	-160	11981	11821	160	
12000	11992	11829	-163	11992	11829	163	
12010	12001	11836	-165	12001	11836	165	
12020	12011	11844	-167	12011	11844	167	
12030	12019	11851	-168	12019	11851	168	
12040	12028	11859	-169	12028	11859	169	
12050	12037	11866	-171	12037	11866	171	
12060	12045	11873	-172	12045	11873	172	
12070	12054	11880	-174	12054	11880	174	
12080	12063	11888	-175	12063	11888	175	
12090	12072	11896	-176	12072	11896	176	
12100	12082	11904	-178	12082	11904	178	
12110	12093	11913	-180	12093	11913	180	
12120	12104	11923	-181	12104	11923	181	
12130	12117	11935	-182	12117	11935	182	
12140	12131	11949	-182	12131	11949	182	
12150	12143	11964	-179	12143	11964	179	
12160	12155	11980	-175	12155	11980	175	
12170	12165	11995	-170	12165	11995	170	
12180	12173	12008	-165	12173	12008	165	
12190	12182	12020	-162	12182	12020	162	
12200	12190	12030	-160	12190	12030	160	
12210	12199	12040	-159	12199	12040	159	
12220	12208	12049	-159	12208	12049	159	
12230	12217	12058	-159	12217	12058	159	
12240	12227	12067	-160	12227	12067	160	
12250	12237	12076	-161	12237	12076	161	
12260	12247	12084	-163	12247	12084	163	
12270	12258	12094	-164	12258	12094	164	
12280	12268	12103	-165	12268	12103	165	
12290	12286	12109	-177	12286	12109	177	
12300	12307	12112	-195	12307	12112	195	
12310	12390	12119	-271	12390	12374	16	12372	12370	2	12350	12349	1	12340	12119	221	
12320	12419	12132	-287	12419	12132	287	
12330	12507	12136	-371	12507	12470	37	12449	12136	313	
12340	12550	12150	-400	12550	12150	400	
12350	12607	12163	-444	12607	12163	444	
12360	12640	12176	-464	12640	12176	464	
12370	12665	12186	-479	12665	12186	479	
12380	12688	12196	-492	12688	12196	492	
12390	12711	12204	-507	12711	12204	507	
12400	12737	12214	-523	12737	12214	523	
12410	12765	12225	-540	12765	12225	540	
12420	12794	12237	-557	12794	12237	557	
12430	12823	12251	-572	12823	12251	572	
12440	12850	12265	-585	12850	12265	585	
12450	12878	12281	-597	12878	12281	597	
12460	12902	12296	-606	12902	12296	606	
12470	12923	12310	-613	12923	12310	613	
12480	12941	12323	-618	12941	12323	618	
12490	12960	12337	-623	12960	12337	623	
12500	12993	12346	-647	12993	12452	541	12426	12346	80	
12510	13026	12363	-663	13026	12461	565	12400	12363	37	
12520	13042	12474	-568	13042	12474	568	
12530	13042	12495	-547	13042	12495	547	
12540	13056	12518	-538	13056	12623	433	12614	12518	96	
12550	13081	12533	-548	13081	12635	446	12590	12533	57	
12560	13112	12550	-562	13112	12642	470	12551	12550	1	
12570	13105	12665	-440	13105	12665	440	
12580	13104	12682	-422	13104	12682	422	
12590	13111	12699	-412	13111	12699	412	
12600	13123	12712	-411	13123	12712	411	
12610	13136	12725	-411	13136	12725	411	
12620	13149	12737	-412	13149	12737	412	
12630	13161	12750	-411	13161	12750	411	
12640	13173	12762	-411	13173	12762	411	
12650	13186	12776	-410	13186	12776	410	
12660	13198	12790	-408	13198	12790	408	
12670	13209	12803	-406	13209	12803	406	
12680	13221	12819	-402	13221	12819	402	
12690	13233	12835	-398	13233	12835	398	
12700	13246	12854	-392	13246	12854	392	
12710	13261	12877	-384	13261	12877	384	
12720	13273	12899	-374	13273	12899	374	
12730	13282	12917	-365	13282	12917	365	
12740	13290	12931	-359	13290	12931	359	
12750	13297	12940	-357	13297	12940	357	
12760	13306	12948	-358	13306	12948	358	
12770	13317	12955	-362	13317	12955	362	
12780	13332	12962	-370	13332	12962	370	
12790	13350	12969	-381	13350	12969	381	
12800	13369	12977	-392	13369	12977	392	
12810	13387	12985	-402	13387	12985	402	
12820	13405	12993	-412	13405	12993	412	
12830	13422	13001	-421	13422	13001	421	
12840	13438	13010	-428	13438	13010	428	
12850	13453	13018	-435	13453	13018	435	
12860	13469	13027	-442	13469	13027	442	
12870	13484	13036	-448	13484	13036	448	
12880	13499	13045	-454	13499	13045	454	
12890	13514	13054	-460	13514	13054	460	
12900	13529	13063	-466	13529	13063	466	
12910	13544	13072	-472	13544	13072	472	
12920	13559	13081	-478	13559	13081	478	
12930	13573	13089	-484	13573	13089	484	
12940	13588	13098	-490	13588	13098	490	
12950	13603	13106	-497	13603	13106	497	
12960	13619	13115	-504	13619	13115	504	
12970	13636	13124	-512	13636	13124	512	
12980	13653	13133	-520	13653	13133	520	
12990	13671	13144	-527	13671	13144	527	
13000	13689	13155	-534	13689	13155	534	
13010	13705	13165	-540	13705	13165	540	
13020	13722	13176	-546	13722	13176	546	
13030	13738	13186	-552	13738	13186	552	
13040	13755	13198	-557	13755	13198	557	
13050	13770	13209	-561	13770	13209	561	
13060	13785	13220	-565	13785	13220	565	
13070	13801	13232	-569	13801	13232	569	
13080	13817	13244	-573	13817	13244	573	
13090	13832	13256	-576	13832	13256	576	
13100	13847	13268	-579	13847	13268	579	
13110	13862	13279	-583	13862	13279	583	
13120	13877	13290	-587	13877	13290	587	
13130	13893	13302	-591	13893	13302	591	
13140	13909	13315	-594	13909	13315	594	
13150	13926	13329	-597	13926	13329	597	
13160	13940	13340	-600	13940	13340	600	
13170	13954	13349	-605	13954	13349	605	
13180	13970	13360	-610	13970	13360	610	
13190	13986	13370	-616	13986	13370	616	
13200	14003	13380	-623	14003	13380	623	
13210	14021	13391	-630	14021	13391	630	
13220	14040	13403	-637	14040	13403	637	
13230	14058	13414	-644	14058	13414	644	
13240	14077	13426	-651	14077	13426	651	
13250	14095	13437	-658	14095	13437	658	
13260	14113	13449	-664	14113	13449	664	
13270	14132	13462	-670	14132	13462	670	
13280	14150	13475	-675	14150	13475	675	
13290	14167	13487	-680	14167	13487	680	
13300	14185	13501	-684	14185	13501	684	
13310	14202	13514	-688	14202	13514	688	
13320	14218	13527	-691	14218	13527	691	
13330	14235	13542	-693	14235	13542	693	
13340	14252	13557	-695	14252	13557	695	
13350	14268	13571	-697	14268	13571	697	
13360	14283	13586	-697	14283	13586	697	
13370	14300	13602	-698	14300	13602	698	
13380	14314	13617	-697	14314	13617	697	
13390	14329	13632	-697	14329	13632	697	
13400	14343	13646	-697	14343	13646	697	
13410	14356	13659	-697	14356	13659	697	
13420	14369	13671	-698	14369	13671	698	
13430	14383	13684	-699	14383	13684	699	
13440	14396	13696	-700	14396	13696	700	
13450	14410	13708	-702	14410	13708	702	
13460	14424	13720	-704	14424	13720	704	
13470	14439	13734	-705	14439	13734	705	
13480	14453	13745	-708	14453	13745	708	
13490	14467	13757	-710	14467	13757	710	
13500	14482	13770	-712	14482	13770	712	
13510	14497	13783	-714	14497	13783	714	
13520	14511	13795	-716	14511	13795	716	
13530	14527	13809	-718	14527	13809	718	
13540	14541	13822	-719	14541	13822	719	
13550	14555	13835	-720	14555	13835	720	
13560	14570	13849	-721	14570	13849	721	
13570	14584	13863	-721	14584	13863	721	
13580	14598	13878	-720	14598	13878	720	
13590	14613	13893	-720	14613	13893	720	
13600	14626	13908	-718	14626	13908	718	
13610	14639	13923	-716	14639	13923	716	
13620	14652	13938	-714	14652	13938	714	
13630	14666	13955	-711	14666	13955	711	
13640	14679	13972	-707	14679	13972	707	
13650	14689	13985	-704	14689	13985	704	
13660	14700	13999	-701	14700	13999	701	
13670	14710	14012	-698	14710	14012	698	
13680	14720	14024	-696	14720	14024	696	
13690	14730	14035	-695	14730	14035	695	
13700	14740	14046	-694	14740	14046	694	
13710	14750	14057	-693	14750	14057	693	
13720	14761	14068	-693	14761	14068	693	
13730	14772	14078	-694	14772	14078	694	
13740	14783	14089	-694	14783	14089	694	
13750	14795	14099	-696	14795	14099	696	
13760	14806	14109	-697	14806	14109	697	
13770	14818	14119	-699	14818	14119	699	
13780	14830	14130	-700	14830	14130	700	
13790	14841	14139	-702	14841	14139	702	
13800	14853	14150	-703	14853	14150	703	
13810	14865	14160	-705	14865	14160	705	
13820	14877	14171	-706	14877	14171	706	
13830	14889	14182	-707	14889	14182	707	
13840	14900	14192	-708	14900	14192	708	
13850	14911	14202	-709	14911	14202	709	
13860	14922	14212	-710	14922	14212	710	
13870	14934	14224	-710	14934	14224	710	
13880	14945	14234	-711	14945	14234	711	
13890	14956	14245	-711	14956	14245	711	
13900	14967	14256	-711	14967	14256	711	
13910	14978	14267	-711	14978	14267	711	
13920	14989	14278	-711	14989	14278	711	
13930	15000	14289	-711	15000	14289	711	
13940	15012	14301	-711	15012	14301	711	
13950	15022	14312	-710	15022	14312	710	
13960	15033	14323	-710	15033	14323	710	
13970	15044	14335	-709	15044	14335	709	
13980	15055	14347	-708	15055	14347	708	
13990	15065	14358	-707	15065	14358	707	
14000	15075	14370	-705	15075	14370	705	
14010	15086	14382	-704	15086	14382	704	
14020	15096	14394	-702	15096	14394	702	
14030	15106	14405	-701	15106	14405	701	
14040	15117	14417	-700	15117	14417	700	
14050	15127	14427	-700	15127	14427	700	
14060	15138	14438	-700	15138	14438	700	
14070	15149	14448	-701	15149	14448	701	
14080	15160	14458	-702	15160	14458	702	
14090	15171	14468	-703	15171	14468	703	
14100	15182	14476	-706	15182	14476	706	
14110	15194	14484	-710	15194	14484	710	
14120	15207	14491	-716	15207	14491	716	
14130	15223	14500	-723	15223	14500	723	
14140	15242	14512	-730	15242	14512	730	
14150	15262	14525	-737	15262	14525	737	
14160	15283	14540	-743	15283	14540	743	
14170	15304	14555	-749	15304	14555	749	
14180	15323	14571	-752	15323	14571	752	
14190	15340	14585	-755	15340	14585	755	
14200	15357	14599	-758	15357	14599	758	
14210	15376	14616	-760	15376	14616	760	
14220	15391	14631	-760	15391	14631	760	
14230	15407	14647	-760	15407	14647	760	
14240	15422	14663	-759	15422	14663	759	
14250	15437	14679	-758	15437	14679	758	
14260	15450	14694	-756	15450	14694	756	
14270	15463	14710	-753	15463	14710	753	
14280	15477	14727	-750	15477	14727	750	
14290	15489	14742	-747	15489	14742	747	
14300	15502	14759	-743	15502	14759	743	
14310	15514	14776	-738	15514	14776	738	
14320	15526	14792	-734	15526	14792	734	
14330	15538	14809	-729	15538	14809	729	
14340	15550	14826	-724	15550	14826	724	
14350	15560	14841	-719	15560	14841	719	
14360	15571	14856	-715	15571	14856	715	
14370	15584	14863	-721	15584	14863	721	
14380	15598	14872	-726	15598	14872	726	
14390	15612	14880	-732	15612	14880	732	
14400	15630	14887	-743	15630	14887	743	
14410	15650	14892	-758	15650	14892	758	
14420	15683	14910	-773	15683	14910	773	
14430	15721	14938	-783	15721	14938	783	
14440	15748	14961	-787	15748	14961	787	
14450	15772	14984	-788	15772	14984	788	
14460	15791	15005	-786	15791	15005	786	
14470	15808	15025	-783	15808	15025	783	
14480	15825	15046	-779	15825	15046	779	
14490	15841	15066	-775	15841	15066	775	
14500	15856	15087	-769	15856	15087	769	
14510	15869	15107	-762	15869	15107	762	
14520	15882	15126	-756	15882	15126	756	
14530	15894	15145	-749	15894	15145	749	
14540	15907	15165	-742	15907	15165	742	
14550	15918	15183	-735	15918	15183	735	
14560	15930	15201	-729	15930	15201	729	
14570	15941	15219	-722	15941	15219	722	
14580	15952	15237	-715	15952	15237	715	
14590	15963	15256	-707	15963	15256	707	
14600	15974	15274	-700	15974	15274	700	
14610	15986	15295	-691	15986	15295	691	
14620	15996	15316	-680	15996	15316	680	
14630	16007	15338	-669	16007	15338	669	
14640	16016	15361	-655	16016	15361	655	
14650	16025	15386	-639	16025	15386	639	
14660	16033	15412	-621	16033	15412	621	
14670	16042	15444	-598	16042	15444	598	
14680	16051	15480	-571	16051	15480	571	
14690	16058	15523	-535	16058	15523	535	
14700	16065	15578	-487	16065	15578	487	
14710	16067	15634	-433	16067	15634	433	
14720	16068	15671	-397	16068	15671	397	
14730	16071	15700	-371	16071	15700	371	
14740	16075	15722	-353	16075	15722	353	
14750	16078	15745	-333	16078	15745	333	
14760	16082	15765	-317	16082	15765	317	
14770	16087	15781	-306	16087	15781	306	
14780	16094	15793	-301	16094	15793	301	
14790	16103	15788	-315	16103	15788	315	
14800	16121	15762	-359	16121	15762	359	
14810	16480	15773	-707	16480	16431	49	16172	16162	10	16155	15773	382	
14820	16496	15798	-698	16496	16407	89	16207	15798	409	
14830	16511	15815	-696	16511	16384	127	16236	15815	421	
14840	16522	15841	-681	16522	16362	160	16255	15841	414	
14850	16531	15890	-641	16531	16338	193	16280	15890	390	
14860	16538	15992	-546	16538	15992	546	
14870	16535	16016	-519	16535	16312	223	16304	16016	288	
14880	16536	16032	-504	16536	16314	222	16303	16032	271	
14890	16536	16046	-490	16536	16314	222	16304	16046	258	
14900	16536	16059	-477	16536	16312	224	16307	16059	248	
14910	16539	16069	-470	16539	16069	470	
14920	16545	16077	-468	16545	16077	468	
14930	16551	16085	-466	16551	16085	466	
14940	16557	16092	-465	16557	16092	465	
14950	16564	16099	-465	16564	16099	465	
14960	16571	16106	-465	16571	16106	465	
14970	16579	16114	-465	16579	16114	465	
14980	16587	16121	-466	16587	16121	466	
14990	16596	16128	-468	16596	16128	468	
15000	16606	16135	-471	16606	16135	471	
15010	16616	16143	-473	16616	16143	473	
15020	16627	16150	-477	16627	16150	477	
15030	16644	16151	-493	16644	16465	179	16450	16151	299	
15040	16660	16153	-507	16660	16474	186	16443	16153	290	
15050	16674	16158	-516	16674	16482	192	16437	16158	279	
15060	16686	16163	-523	16686	16490	196	16430	16163	267	
15070	16697	16169	-528	16697	16498	199	16422	16169	253	
15080	16707	16177	-530	16707	16506	201	16415	16177	238	
15090	16717	16187	-530	16717	16513	204	16406	16187	219	
15100	16725	16201	-524	16725	16521	204	16396	16201	195	
15110	16734	16216	-518	16734	16528	206	16385	16216	169	
15120	16744	16238	-506	16744	16533	211	16375	16238	137	
15130	16755	16279	-476	16755	16536	219	16368	16279	89	
15140	16766	16326	-440	16766	16539	227	16346	16326	20	
15150	16756	16559	-197	16756	16559	197	
15160	16747	16574	-173	16747	16574	173	
15170	16753	16580	-173	16753	16580	173	
15180	16759	16585	-174	16759	16585	174	
15190	16765	16591	-174	16765	16591	174	
15200	16771	16596	-175	16771	16596	175	
15210	16776	16601	-175	16776	16601	175	
15220	16783	16607	-176	16783	16607	176	
15230	16788	16612	-176	16788	16612	176	
15240	16794	16617	-177	16794	16617	177	
15250	16800	16623	-177	16800	16623	177	
15260	16806	16629	-177	16806	16629	177	
15270	16811	16634	-177	16811	16634	177	
15280	16817	16640	-177	16817	16640	177	
15290	16823	16645	-178	16823	16645	178	
15300	16828	16650	-178	16828	16650	178	
15310	16834	16656	-178	16834	16656	178	
15320	16839	16661	-178	16839	16661	178	
15330	16845	16667	-178	16845	16667	178	
15340	16851	16673	-178	16851	16673	178	
15350	16856	16678	-178	16856	16678	178	
15360	16862	16684	-178	16862	16684	178	
15370	16868	16690	-178	16868	16690	178	
15380	16874	16696	-178	16874	16696	178	
15390	16879	16701	-178	16879	16701	178	
15400	16885	16707	-178	16885	16707	178	
15410	16891	16714	-177	16891	16714	177	
15420	16897	16720	-177	16897	16720	177	
15430	16902	16726	-176	16902	16726	176	
15440	16908	16733	-175	16908	16733	175	
15450	16914	16740	-174	16914	16740	174	
15460	16919	16746	-173	16919	16746	173	
15470	16925	16752	-173	16925	16752	173	
15480	16930	16758	-172	16930	16758	172	
15490	16936	16766	-170	16936	16766	170	
15500	16941	16772	-169	16941	16772	169	
15510	16946	16778	-168	16946	16778	168	
15520	16952	16785	-167	16952	16785	167	
15530	16957	16792	-165	16957	16792	165	
15540	16963	16799	-164	16963	16799	164	
15550	16968	16805	-163	16968	16805	163	
15560	16973	16812	-161	16973	16812	161	
15570	16979	16819	-160	16979	16819	160	
15580	16984	16826	-158	16984	16826	158	
15590	16989	16833	-156	16989	16833	156	
15600	16994	16840	-154	16994	16840	154	
15610	17000	16847	-153	17000	16847	153	
15620	17005	16854	-151	17005	16854	151	
15630	17010	16861	-149	17010	16861	149	
15640	17015	16867	-148	17015	16867	148	
15650	17020	16874	-146	17020	16874	146	
15660	17025	16880	-145	17025	16880	145	
15670	17030	16886	-144	17030	16886	144	
15680	17035	16892	-143	17035	16892	143	
15690	17041	16899	-142	17041	16899	142	
15700	17046	16904	-142	17046	16904	142	
15710	17052	16911	-141	17052	16911	141	
15720	17058	16917	-141	17058	16917	141	
15730	17064	16923	-141	17064	16923	141	
15740	17070	16929	-141	17070	16929	141	
15750	17076	16934	-142	17076	16934	142	
15760	17083	16940	-143	17083	16940	143	
15770	17089	16945	-144	17089	16945	144	
15780	17096	16950	-146	17096	16950	146	
15790	17105	16955	-150	17105	16955	150	
15800	17117	16957	-160	17117	16957	160	
15810	17130	16960	-170	17130	16960	170	
15820	17146	16963	-183	17146	16963	183	
15830	17165	16967	-198	17165	16967	198	
15840	17187	16974	-213	17187	16974	213	
15850	17204	16981	-223	17204	16981	223	
15860	17219	16988	-231	17219	16988	231	
15870	17233	16995	-238	17233	16995	238	
15880	17244	17001	-243	17244	17001	243	
15890	17256	17008	-248	17256	17008	248	
15900	17267	17015	-252	17267	17015	252	
15910	17277	17021	-256	17277	17021	256	
15920	17288	17028	-260	17288	17028	260	
15930	17297	17034	-263	17297	17034	263	
15940	17307	17041	-266	17307	17041	266	
15950	17317	17049	-268	17317	17049	268	
15960	17327	17056	-271	17327	17056	271	
15970	17337	17063	-274	17337	17063	274	
15980	17347	17071	-276	17347	17071	276	
15990	17357	17079	-278	17357	17079	278	
16000	17367	17087	-280	17367	17087	280	
16010	17377	17095	-282	17377	17095	282	
16020	17387	17103	-284	17387	17103	284	
16030	17397	17112	-285	17397	17112	285	
16040	17407	17122	-285	17407	17122	285	
16050	17417	17132	-285	17417	17132	285	
16060	17426	17142	-284	17426	17142	284	
16070	17435	17152	-283	17435	17152	283	
16080	17444	17163	-281	17444	17163	281	
16090	17453	17174	-279	17453	17174	279	
16100	17461	17185	-276	17461	17185	276	
16110	17468	17196	-272	17468	17196	272	
16120	17475	17208	-267	17475	17208	267	
16130	17481	17218	-263	17481	17218	263	
16140	17487	17230	-257	17487	17230	257	
16150	17492	17240	-252	17492	17240	252	
16160	17497	17251	-246	17497	17251	246	
16170	17502	17262	-240	17502	17262	240	
16180	17506	17272	-234	17506	17272	234	
16190	17511	17283	-228	17511	17283	228	
16200	17515	17293	-222	17515	17293	222	
16210	17520	17304	-216	17520	17304	216	
16220	17525	17315	-210	17525	17315	210	
16230	17529	17325	-204	17529	17325	204	
16240	17535	17337	-198	17535	17337	198	
16250	17540	17349	-191	17540	17349	191	
16260	17546	17364	-182	17546	17364	182	
16270	17552	17381	-171	17552	17381	171	
16280	17558	17400	-158	17558	17400	158	
16290	17563	17419	-144	17563	17419	144	
16300	17569	17440	-129	17569	17440	129	
16310	17573	17465	-108	17573	17465	108	
16320	17575	17480	-95	17575	17480	95	
16330	17577	17490	-87	17577	17490	87	
16340	17580	17496	-84	17580	17496	84	
16350	17585	17501	-84	17585	17501	84	
16360	17593	17503	-90	17593	17503	90	
16370	17604	17504	-100	17604	17504	100	
16380	17791	17506	-285	17791	17775	16	17612	17506	106	
16390	17802	17511	-291	17802	17764	38	17614	17511	103	
16400	17810	17515	-295	17810	17757	53	17618	17515	103	
16410	17817	17519	-298	17817	17750	67	17621	17519	102	
16420	17824	17523	-301	17824	17745	79	17625	17523	102	
16430	17830	17527	-303	17830	17740	90	17629	17527	102	
16440	17836	17531	-305	17836	17736	100	17633	17531	102	
16450	17841	17536	-305	17841	17731	110	17637	17536	101	
16460	17846	17540	-306	17846	17726	120	17641	17540	101	
16470	17852	17544	-308	17852	17721	131	17646	17544	102	
16480	17857	17549	-308	17857	17716	141	17652	17549	103	
16490	17862	17554	-308	17862	17709	153	17657	17554	103	
16500	17866	17560	-306	17866	17703	163	17664	17560	104	
16510	17869	17567	-302	17869	17696	173	17671	17567	104	
16520	17869	17577	-292	17869	17689	180	17679	17577	102	
16530	17870	17587	-283	17870	17587	283	
16540	17875	17593	-282	17875	17593	282	
16550	17881	17600	-281	17881	17600	281	
16560	17886	17606	-280	17886	17606	280	
16570	17892	17612	-280	17892	17612	280	
16580	17902	17614	-288	17902	17783	119	17773	17614	159	
16590	17912	17615	-297	17912	17790	122	17767	17615	152	
16600	17921	17618	-303	17921	17796	125	17760	17618	142	
16610	17929	17621	-308	17929	17803	126	17754	17621	133	
16620	17937	17626	-311	17937	17809	128	17747	17626	121	
16630	17944	17630	-314	17944	17815	129	17741	17630	111	
16640	17954	17635	-319	17954	17820	134	17736	17635	101	
16650	17962	17640	-322	17962	17825	137	17731	17640	91	
16660	17974	17644	-330	17974	17829	145	17725	17644	81	
16670	17991	17650	-341	17991	17833	158	17720	17650	70	
16680	18010	17657	-353	18010	17838	172	17713	17657	56	
16690	18030	17667	-363	18030	17843	187	17702	17667	35	
16700	18055	17846	-209	18055	17846	209	
16710	18051	17855	-196	18051	17855	196	
16720	18057	17861	-196	18057	17861	196	
16730	18069	17866	-203	18069	17866	203	
16740	18080	17871	-209	18080	17871	209	
16750	18091	17876	-215	18091	17876	215	
16760	18102	17882	-220	18102	17882	220	
16770	18111	17887	-224	18111	17887	224	
16780	18121	17892	-229	18121	17892	229	
16790	18131	17897	-234	18131	17897	234	
16800	18141	17903	-238	18141	17903	238	
16810	18151	17908	-243	18151	17908	243	
16820	18160	17913	-247	18160	17913	247	
16830	18170	17919	-251	18170	17919	251	
16840	18180	17925	-255	18180	17925	255	
16850	18190	17931	-259	18190	17931	259	
16860	18199	17936	-263	18199	17936	263	
16870	18208	17942	-266	18208	17942	266	
16880	18217	17947	-270	18217	17947	270	
16890	18227	17954	-273	18227	17954	273	
16900	18236	17960	-276	18236	17960	276	
16910	18246	17967	-279	18246	17967	279	
16920	18255	17974	-281	18255	17974	281	
16930	18264	17980	-284	18264	17980	284	
16940	18272	17986	-286	18272	17986	286	
16950	18282	17993	-289	18282	17993	289	
16960	18291	18000	-291	18291	18000	291	
16970	18299	18006	-293	18299	18006	293	
16980	18309	18014	-295	18309	18014	295	
16990	18318	18021	-297	18318	18021	297	
17000	18326	18028	-298	18326	18028	298	
17010	18336	18036	-300	18336	18036	300	
17020	18344	18043	-301	18344	18043	301	
17030	18353	18051	-302	18353	18051	302	
17040	18362	18058	-304	18362	18058	304	
17050	18371	18066	-305	18371	18066	305	
17060	18381	18074	-307	18381	18074	307	
17070	18390	18082	-308	18390	18082	308	
17080	18399	18089	-310	18399	18089	310	
17090	18408	18096	-312	18408	18096	312	
17100	18418	18104	-314	18418	18104	314	
17110	18428	18111	-317	18428	18111	317	
17120	18439	18120	-319	18439	18120	319	
17130	18451	18129	-322	18451	18129	322	
17140	18461	18137	-324	18461	18137	324	
17150	18471	18145	-326	18471	18145	326	
17160	18482	18154	-328	18482	18154	328	
17170	18494	18165	-329	18494	18165	329	
17180	18505	18174	-331	18505	18174	331	
17190	18515	18183	-332	18515	18183	332	
17200	18527	18192	-335	18527	18192	335	
17210	18539	18199	-340	18539	18199	340	
17220	18552	18206	-346	18552	18206	346	
17230	18565	18212	-353	18565	18212	353	
17240	18580	18219	-361	18580	18219	361	
17250	18597	18225	-372	18597	18225	372	
17260	18616	18231	-385	18616	18231	385	
17270	18639	18240	-399	18639	18240	399	
17280	18664	18251	-413	18664	18251	413	
17290	18690	18264	-426	18690	18264	426	
17300	18713	18277	-436	18713	18277	436	
17310	18734	18290	-444	18734	18290	444	
17320	18754	18303	-451	18754	18303	451	
17330	18773	18316	-457	18773	18316	457	
17340	18792	18330	-462	18792	18330	462	
17350	18808	18343	-465	18808	18343	465	
17360	18824	18357	-467	18824	18357	467	
17370	18839	18370	-469	18839	18370	469	
17380	18853	18382	-471	18853	18382	471	
17390	18865	18393	-472	18865	18393	472	
17400	18879	18405	-474	18879	18405	474	
17410	18891	18416	-475	18891	18416	475	
17420	18903	18426	-477	18903	18426	477	
17430	18916	18436	-480	18916	18436	480	
17440	18928	18444	-484	18928	18444	484	
17450	18940	18453	-487	18940	18453	487	
17460	18952	18461	-491	18952	18461	491	
17470	18965	18469	-496	18965	18469	496	
17480	18977	18476	-501	18977	18476	501	
17490	18991	18484	-507	18991	18484	507	
17500	19003	18491	-512	19003	18491	512	
17510	19017	18499	-518	19017	18499	518	
17520	19030	18506	-524	19030	18506	524	
17530	19043	18513	-530	19043	18513	530	
17540	19056	18520	-536	19056	18520	536	
17550	19069	18527	-542	19069	18527	542	
17560	19082	18535	-547	19082	18535	547	
17570	19095	18542	-553	19095	18542	553	
17580	19109	18550	-559	19109	18550	559	
17590	19122	18557	-565	19122	18557	565	
17600	19136	18566	-570	19136	18566	570	
17610	19149	18574	-575	19149	18574	575	
17620	19162	18582	-580	19162	18582	580	
17630	19175	18590	-585	19175	18590	585	
17640	19188	18599	-589	19188	18599	589	
17650	19201	18608	-593	19201	18608	593	
17660	19214	18617	-597	19214	18617	597	
17670	19228	18628	-600	19228	18628	600	
17680	19240	18638	-602	19240	18638	602	
17690	19254	18649	-605	19254	18649	605	
17700	19266	18660	-606	19266	18660	606	
17710	19278	18670	-608	19278	18670	608	
17720	19290	18681	-609	19290	18681	609	
17730	19302	18692	-610	19302	18692	610	
17740	19314	18703	-611	19314	18703	611	
17750	19325	18713	-612	19325	18713	612	
17760	19337	18725	-612	19337	18725	612	
17770	19349	18736	-613	19349	18736	613	
17780	19360	18747	-613	19360	18747	613	
17790	19371	18758	-613	19371	18758	613	
17800	19382	18769	-613	19382	18769	613	
17810	19393	18780	-613	19393	18780	613	
17820	19404	18791	-613	19404	18791	613	
17830	19415	18802	-613	19415	18802	613	
17840	19425	18813	-612	19425	18813	612	
17850	19436	18824	-612	19436	18824	612	
17860	19447	18836	-611	19447	18836	611	
17870	19457	18847	-610	19457	18847	610	
17880	19468	18859	-609	19468	18859	609	
17890	19478	18870	-608	19478	18870	608	
17900	19489	18882	-607	19489	18882	607	
17910	19499	18894	-605	19499	18894	605	
17920	19509	18906	-603	19509	18906	603	
17930	19519	18918	-601	19519	18918	601	
17940	19529	18930	-599	19529	18930	599	
17950	19538	18941	-597	19538	18941	597	
17960	19548	18953	-595	19548	18953	595	
17970	19558	18964	-594	19558	18964	594	
17980	19569	18976	-593	19569	18976	593	
17990	19579	18987	-592	19579	18987	592	
18000	19589	18996	-593	19589	18996	593	
18010	19601	19006	-595	19601	19006	595	
18020	19614	19014	-600	19614	19014	600	
18030	19630	19023	-607	19630	19023	607	
18040	19651	19035	-616	19651	19035	616	
18050	19675	19046	-629	19675	19046	629	
18060	19704	19059	-645	19704	19059	645	
18070	19732	19070	-662	19732	19070	662	
18080	19764	19085	-679	19764	19085	679	
18090	19800	19104	-696	19800	19104	696	
18100	19830	19124	-706	19830	19124	706	
18110	19856	19145	-711	19856	19145	711	
18120	19878	19165	-713	19878	19165	713	
18130	19898	19186	-712	19898	19186	712	
18140	19917	19210	-707	19917	19210	707	
18150	19934	19233	-701	19934	19233	701	
18160	19949	19257	-692	19949	19257	692	
18170	19962	19280	-682	19962	19280	682	
18180	19974	19302	-672	19974	19302	672	
18190	19985	19322	-663	19985	19322	663	
18200	19996	19341	-655	19996	19341	655	
18210	20007	19359	-648	20007	19359	648	
18220	20018	19375	-643	20018	19375	643	
18230	20029	19391	-638	20029	19391	638	
18240	20041	19405	-636	20041	19405	636	
18250	20053	19419	-634	20053	19419	634	
18260	20066	19433	-633	20066	19433	633	
18270	20078	19446	-632	20078	19446	632	
18280	20090	19458	-632	20090	19458	632	
18290	20101	19468	-633	20101	19468	633	
18300	20112	19479	-633	20112	19479	633	
18310	20123	19488	-635	20123	19488	635	
18320	20135	19499	-636	20135	19499	636	
18330	20146	19509	-637	20146	19509	637	
18340	20158	19520	-638	20158	19520	638	
18350	20172	19522	-650	20172	19778	394	19764	19522	242	
18360	20188	19509	-679	20188	19801	387	19746	19509	237	
18370	20201	19509	-692	20201	19821	380	19728	19509	219	
18380	20214	19517	-697	20214	19844	370	19713	19517	196	
18390	20224	19531	-693	20224	19866	358	19697	19531	166	
18400	20233	19560	-673	20233	19889	344	19673	19560	113	
18410	20245	19587	-658	20245	19904	341	19646	19587	59	
18420	20256	19919	-337	20256	19919	337	
18430	20253	19962	-291	20253	19962	291	
18440	20255	19996	-259	20255	19996	259	
18450	20255	20021	-234	20255	20021	234	
18460	20254	20038	-216	20254	20038	216	
18470	20258	20048	-210	20258	20048	210	
18480	20264	20056	-208	20264	20056	208	
18490	20271	20063	-208	20271	20063	208	
18500	20279	20070	-209	20279	20070	209	
18510	20286	20076	-210	20286	20076	210	
18520	20294	20083	-211	20294	20083	211	
18530	20302	20089	-213	20302	20089	213	
18540	20311	20096	-215	20311	20096	215	
18550	20319	20102	-217	20319	20102	217	
18560	20328	20110	-218	20328	20110	218	
18570	20336	20117	-219	20336	20117	219	
18580	20344	20124	-220	20344	20124	220	
18590	20352	20131	-221	20352	20131	221	
18600	20361	20139	-222	20361	20139	222	
18610	20369	20147	-222	20369	20147	222	
18620	20376	20154	-222	20376	20154	222	
18630	20384	20162	-222	20384	20162	222	
18640	20392	20170	-222	20392	20170	222	
18650	20400	20178	-222	20400	20178	222	
18660	20407	20186	-221	20407	20186	221	
18670	20414	20194	-220	20414	20194	220	
18680	20422	20202	-220	20422	20202	220	
18690	20429	20210	-219	20429	20210	219	
18700	20436	20218	-218	20436	20218	218	
18710	20442	20225	-217	20442	20225	217	
18720	20449	20233	-216	20449	20233	216	
18730	20455	20240	-215	20455	20240	215	
18740	20461	20247	-214	20461	20247	214	
18750	20468	20254	-214	20468	20254	214	
18760	20474	20261	-213	20474	20261	213	
18770	20481	20268	-213	20481	20268	213	
18780	20487	20275	-212	20487	20275	212	
18790	20493	20281	-212	20493	20281	212	
18800	20499	20288	-211	20499	20288	211	
18810	20506	20295	-211	20506	20295	211	
18820	20512	20301	-211	20512	20301	211	
18830	20518	20307	-211	20518	20307	211	
18840	20524	20314	-210	20524	20314	210	
18850	20530	20320	-210	20530	20320	210	
18860	20537	20327	-210	20537	20327	210	
18870	20544	20334	-210	20544	20334	210	
18880	20550	20340	-210	20550	20340	210	
18890	20557	20347	-210	20557	20347	210	
18900	20563	20353	-210	20563	20353	210	
18910	20570	20359	-211	20570	20359	211	
18920	20578	20366	-212	20578	20366	212	
18930	20586	20372	-214	20586	20372	214	
18940	20594	20379	-215	20594	20379	215	
18950	20603	20385	-218	20603	20385	218	
18960	20611	20391	-220	20611	20391	220	
18970	20621	20398	-223	20621	20398	223	
18980	20631	20405	-226	20631	20405	226	
18990	20641	20413	-228	20641	20413	228	
19000	20650	20419	-231	20650	20419	231	
19010	20660	20427	-233	20660	20427	233	
19020	20671	20435	-236	20671	20435	236	
19030	20681	20442	-239	20681	20442	239	
19040	20692	20448	-244	20692	20448	244	
19050	20704	20454	-250	20704	20454	250	
19060	20717	20459	-258	20717	20459	258	
19070	20731	20464	-267	20731	20464	267	
19080	20749	20470	-279	20749	20470	279	
19090	20769	20476	-293	20769	20476	293	
19100	20792	20485	-307	20792	20485	307	
19110	20815	20494	-321	20815	20494	321	
19120	20838	20505	-333	20838	20505	333	
19130	20860	20517	-343	20860	20517	343	
19140	20880	20529	-351	20880	20529	351	
19150	20898	20542	-356	20898	20542	356	
19160	20915	20555	-360	20915	20555	360	
19170	20931	20569	-362	20931	20569	362	
19180	20944	20581	-363	20944	20581	363	
19190	20956	20592	-364	20956	20592	364	
19200	20973	20601	-372	20973	20601	372	
19210	20990	20608	-382	20990	20608	382	
19220	21011	20613	-398	21011	20613	398	
19230	21037	20615	-422	21037	20615	422	
19240	21192	20613	-579	21192	21190	2	21072	20613	459	
19250	21231	20624	-607	21231	21174	57	21079	20624	455	
19260	21250	20635	-615	21250	21151	99	21087	20635	452	
19270	21258	20647	-611	21258	21133	125	21101	20647	454	
19280	21256	20658	-598	21256	20658	598	
19290	21277	20667	-610	21277	20667	610	
19300	21296	20675	-621	21296	20675	621	
19310	21314	20685	-629	21314	20685	629	
19320	21330	20693	-637	21330	20693	637	
19330	21345	20702	-643	21345	20702	643	
19340	21359	20711	-648	21359	20711	648	
19350	21373	20721	-652	21373	20721	652	
19360	21387	20731	-656	21387	20731	656	
19370	21400	20740	-660	21400	20740	660	
19380	21414	20750	-664	21414	20750	664	
19390	21428	20760	-668	21428	20760	668	
19400	21442	20770	-672	21442	20770	672	
19410	21457	20781	-676	21457	20781	676	
19420	21472	20792	-680	21472	20792	680	
19430	21488	20803	-685	21488	20803	685	
19440	21505	20814	-691	21505	20814	691	
19450	21522	20824	-698	21522	20824	698	
19460	21540	20834	-706	21540	20834	706	
19470	21562	20847	-715	21562	20847	715	
19480	21583	20860	-723	21583	20860	723	
19490	21607	20876	-731	21607	20876	731	
19500	21632	20896	-736	21632	20896	736	
19510	21656	20918	-738	21656	20918	738	
19520	21676	20939	-737	21676	20939	737	
19530	21696	20964	-732	21696	20964	732	
19540	21713	20991	-722	21713	20991	722	
19550	21734	21029	-705	21734	21029	705	
19560	21754	21082	-672	21754	21082	672	
19570	21755	21124	-631	21755	21124	631	
19580	21757	21156	-601	21757	21156	601	
19590	21763	21187	-576	21763	21187	576	
19600	21773	21225	-548	21773	21225	548	
19610	21782	21264	-518	21782	21264	518	
19620	21792	21304	-488	21792	21304	488	
19630	21799	21333	-466	21799	21333	466	
19640	21804	21357	-447	21804	21357	447	
19650	21808	21377	-431	21808	21377	431	
19660	21813	21394	-419	21813	21394	419	
19670	21819	21409	-410	21819	21409	410	
19680	21825	21423	-402	21825	21423	402	
19690	21832	21436	-396	21832	21436	396	
19700	21839	21446	-393	21839	21446	393	
19710	21848	21457	-391	21848	21457	391	
19720	21856	21466	-390	21856	21466	390	
19730	21866	21475	-391	21866	21475	391	
19740	21877	21483	-394	21877	21483	394	
19750	21888	21490	-398	21888	21490	398	
19760	21900	21496	-404	21900	21496	404	
19770	21913	21502	-411	21913	21502	411	
19780	21930	21510	-420	21930	21510	420	
19790	21946	21517	-429	21946	21517	429	
19800	21965	21526	-439	21965	21526	439	
19810	21985	21538	-447	21985	21538	447	
19820	22004	21550	-454	22004	21550	454	
19830	22022	21563	-459	22022	21563	459	
19840	22042	21579	-463	22042	21579	463	
19850	22059	21595	-464	22059	21595	464	
19860	22077	21614	-463	22077	21614	463	
19870	22095	21635	-460	22095	21635	460	
19880	22111	21656	-455	22111	21656	455	
19890	22124	21676	-448	22124	21676	448	
19900	22136	21695	-441	22136	21695	441	
19910	22146	21711	-435	22146	21711	435	
19920	22156	21727	-429	22156	21727	429	
19930	22166	21741	-425	22166	21741	425	
19940	22176	21754	-422	22176	21754	422	
19950	22186	21768	-418	22186	21768	418	
19960	22197	21781	-416	22197	21781	416	
19970	22208	21794	-414	22208	21794	414	
19980	22219	21806	-413	22219	21806	413	
19990	22230	21818	-412	22230	21818	412	
20000	22241	21830	-411	22241	21830	411	

0	4	
1	1	
2	0	
3	0	
4	0	
5	2	
6	0	
7	0	
8	1	
9	5	
10	8	
11	9	
12	14	
13	14	
14	8	
15	10	
16	11	
17	9	
18	11	
19	3	
20	4	
21	5	
22	3	
23	0	
24	7	
25	5	
26	3	
27	10	
28	7	
29	9	
30	6	
31	3	
32	5	
33	8	
34	4	
35	3	
36	6	
37	5	
38	8	
39	4	
40	5	
41	3	
42	3	
43	8	
44	6	
45	10	
46	11	
47	7	
48	11	
49	7	
50	5	
51	3	
52	7	
53	6	
54	3	
55	8	
56	9	
57	6	
58	2	
59	6	
60	2	
61	6	
62	8	
63	7	
64	8	
65	7	
66	7	
67	6	
68	6	
69	3	
70	10	
71	11	
72	5	
73	4	
74	4	
75	3	
76	2	
77	2	
78	7	
79	5	
80	8	
81	4	
82	8	
83	10	
84	12	
85	10	
86	13	
87	7	
88	11	
89	4	
90	6	
91	10	
92	12	
93	8	
94	9	
95	9	
96	10	
97	8	
98	15	
99	5	
100	6	
101	9	
102	6	
103	5	
104	2	
105	6	
106	2	
107	9	
108	7	
109	7	
110	7	
111	8	
112	3	
113	10	
114	5	
115	10	
116	4	
117	4	
118	9	
119	10	
120	6	
121	4	
122	12	
123	5	
124	5	
125	8	
126	16	
127	9	
128	9	
129	6	
130	7	
131	9	
132	5	
133	7	
134	9	
135	8	
136	3	
137	4	
138	5	
139	6	
140	6	
141	11	
142	10	
143	6	
144	10	
145	5	
146	4	
147	6	
148	6	
149	4	
150	5	
151	3	
152	4	
153	7	
154	5	
155	0	
156	1	
157	2	
158	5	
159	5	
160	6	
161	2	
162	2	
163	5	
164	4	
165	5	
166	2	
167	5	
168	2	
169	3	
170	5	
171	3	
172	5	
173	5	
174	5	
175	7	
176	4	
177	10	
178	14	
179	2	
180	1	
181	1	
182	5	
183	1	
184	3	
185	2	
186	1	
187	0	
188	0	
189	1	
190	3	
191	5	
192	2	
193	1	
194	5	
195	1	
196	2	
197	3	
198	4	
199	1	
200	0	
201	1	
202	1	
203	1	
204	1	
205	2	
206	1	
207	1	
208	4	
209	5	
210	12	
211	6	
212	6	
213	8	
214	8	
215	6	
216	4	
217	3	
218	4	
219	3	
220	8	
221	4	
222	9	
223	5	
224	2	
225	3	
226	3	
227	1	
228	2	
229	1	
230	4	
231	3	
232	1	
233	5	
234	6	
235	0	
236	1	
237	0	
238	3	
239	3	
240	3	
241	3	
242	1	
243	4	
244	2	
245	2	
246	2	
247	5	
248	2	
249	3	
250	3	
251	3	
252	3	
253	2	
254	2	
255	3	
256	2	
257	1	
258	1	
259	2	
260	1	
261	2	
262	0	
263	4	
264	1	
265	1	
266	2	
267	2	
268	3	
269	0	
270	3	
271	3	
272	1	
273	1	
274	1	
275	1	
276	4	
277	1	
278	3	
279	3	
280	3	
281	4	
282	3	
283	3	
284	6	
285	5	
286	3	
287	3	
288	1	
289	1	
290	2	
291	3	
292	1	
293	2	
294	2	
295	2	
296	0	
297	2	
298	2	
299	1	
300	3	
301	3	
302	2	
303	2	
304	3	
305	4	
306	5	
307	3	
308	5	
309	2	
310	1	
311	1	
312	2	
313	0	
314	4	
315	1	
316	1	
317	3	
318	0	
319	2	
320	3	
321	1	
322	3	
323	1	
324	2	
325	0	
326	2	
327	1	
328	1	
329	1	
330	1	
331	1	
332	1	
333	2	
334	2	
335	1	
336	1	
337	2	
338	0	
339	1	
340	2	
341	1	
342	0	
343	2	
344	0	
345	1	
346	2	
347	1	
348	1	
349	0	
350	0	
351	3	
352	0	
353	3	
354	0	
355	0	
356	1	
357	1	
358	1	
359	2	
360	1	
361	1	
362	2	
363	3	
364	1	
365	1	
366	0	
367	0	
368	0	
369	1	
370	1	
371	2	
372	2	
373	0	
374	1	
375	0	
376	0	
377	0	
378	0	
379	0	
380	0	
381	1	
382	1	
383	0	
384	1	
385	1	
386	0	
387	0	
388	0	
389	0	
390	1	
391	2	
392	2	
393	1	
394	1	
395	0	
396	1	
397	1	
398	3	
399	1	
400	1	
401	0	
402	3	
403	0	
404	1	
405	0	
406	1	
407	0	
408	1	
409	0	
410	2	
411	6	
412	4	
413	2	
414	1	
415	0	
416	1	
417	0	
418	1	
419	1	
420	1	
421	1	
422	3	
423	0	
424	0	
425	1	
426	2	
427	0	
428	1	
429	2	
430	0	
431	2	
432	0	
433	1	
434	0	
435	2	
436	1	
437	0	
438	0	
439	1	
440	2	
441	1	
442	1	
443	1	
444	2	
445	1	
446	0	
447	2	
448	2	
449	0	
450	0	
451	1	
452	0	
453	0	
454	2	
455	1	
456	0	
457	1	
458	0	
459	1	
460	2	
461	0	
462	1	
463	2	
464	2	
465	5	
466	4	
467	1	
468	2	
469	1	
470	1	
471	2	
472	2	
473	1	
474	1	
475	1	
476	1	
477	3	
478	1	
479	1	
480	1	
481	0	
482	0	
483	0	
484	2	
485	0	
486	0	
487	2	
488	1	
489	0	
490	2	
491	1	
492	1	
493	1	
494	0	
495	0	
496	1	
497	1	
498	0	
499	0	
500	0	
501	1	
502	0	
503	0	
504	2	
505	0	
506	1	
507	3	
508	0	
509	0	
510	0	
511	0	
512	2	
513	0	
514	0	
515	0	
516	1	
517	0	
518	3	
519	1	
520	1	
521	0	
522	0	
523	2	
524	2	
525	0	
526	0	
527	1	
528	1	
529	0	
530	3	
531	0	
532	0	
533	0	
534	1	
535	1	
536	1	
537	0	
538	1	
539	0	
540	2	
541	0	
542	1	
543	0	
544	0	
545	0	
546	2	
547	2	
548	2	
549	0	
550	0	
551	0	
552	1	
553	1	
554	0	
555	0	
556	0	
557	2	
558	0	
559	1	
560	0	
561	1	
562	1	
563	0	
564	0	
565	2	
566	0	
567	0	
568	1	
569	1	
570	1	
571	1	
572	1	
573	1	
574	0	
575	1	
576	2	
577	0	
578	0	
579	2	
580	1	
581	0	
582	0	
583	1	
584	0	
585	2	
586	0	
587	1	
588	0	
589	1	
590	0	
591	1	
592	1	
593	3	
594	2	
595	2	
596	0	
597	4	
598	2	
599	1	
600	3	
601	2	
602	1	
603	1	
604	0	
605	3	
606	2	
607	3	
608	2	
609	2	
610	4	
611	3	
612	4	
613	8	
614	0	
615	1	
616	2	
617	0	
618	1	
619	0	
620	0	
621	2	
622	0	
623	2	
624	0	
625	0	
626	0	
627	0	
628	0	
629	2	
630	1	
631	1	
632	2	
633	3	
634	1	
635	1	
636	2	
637	3	
638	2	
639	1	
640	0	
641	1	
642	0	
643	2	
644	1	
645	1	
646	0	
647	1	
648	2	
649	0	
650	1	
651	1	
652	1	
653	0	
654	0	
655	2	
656	1	
657	0	
658	2	
659	0	
660	1	
661	0	
662	1	
663	2	
664	2	
665	0	
666	0	
667	0	
668	1	
669	1	
670	1	
671	0	
672	3	
673	1	
674	0	
675	1	
676	1	
677	0	
678	0	
679	2	
680	3	
681	1	
682	1	
683	0	
684	1	
685	1	
686	0	
687	0	
688	1	
689	0	
690	0	
691	3	
692	2	
693	4	
694	3	
695	2	
696	4	
697	8	
698	5	
699	2	
700	6	
701	4	
702	4	
703	2	
704	3	
705	4	
706	4	
707	6	
708	3	
709	2	
710	6	
711	9	
712	2	
713	1	
714	2	
715	3	
716	3	
717	0	
718	2	
719	2	
720	3	
721	3	
722	2	
723	2	
724	1	
725	0	
726	1	
727	0	
728	0	
729	2	
730	1	
731	1	
732	2	
733	0	
734	1	
735	1	
736	1	
737	2	
738	2	
739	0	
740	0	
741	0	
742	1	
743	3	
744	0	
745	0	
746	0	
747	1	
748	0	
749	2	
750	1	
751	0	
752	1	
753	1	
754	0	
755	1	
756	2	
757	0	
758	3	
759	1	
760	3	
761	0	
762	1	
763	0	
764	0	
765	0	
766	0	
767	0	
768	0	
769	1	
770	0	
771	0	
772	0	
773	1	
774	0	
775	1	
776	0	
777	0	
778	0	
779	1	
780	0	
781	0	
782	0	
783	2	
784	0	
785	0	
786	1	
787	1	
788	1	
789	0	
790	0	
791	0	
792	0	
793	0	
794	0	
795	0	
796	0	
797	0	
798	0	
799	0	
800	0	
801	0	
802	0	
803	0	
804	0	
805	0	
806	0	
807	0	
808	0	
809	0	
810	0	
811	0	
812	0	
813	0	
814	0	
815	0	
816	0	
817	0	
818	0	
819	0	
820	0	
821	0	
822	0	
823	0	
824	0	
825	0	
826	0	
827	0	
828	0	
829	0	
830	0	
831	0	
832	0	
833	0	
834	0	
835	0	
836	0	
837	0	
838	0	
839	0	
840	0	
841	0	
842	0	
843	0	
844	0	
845	0	
846	0	
847	0	
848	0	
849	0	
850	0	
851	0	
852	0	
853	0	
854	0	
855	0	
856	0	
857	0	
858	0	
859	0	
860	0	
861	0	
862	0	
863	0	
864	0	
865	0	
866	0	
867	0	
868	0	
869	0	
870	0	
871	0	
872	0	
873	0	
874	0	
875	0	
876	0	
877	0	
878	0	
879	0	
880	0	
881	0	
882	0	
883	0	
884	0	
885	0	
886	0	
887	0	
888	0	
889	0	
890	0	
891	0	
892	0	
893	0	
894	0	
895	0	
896	0	
897	0	
898	0	
899	0	
900	0	
901	0	
902	0	
903	0	
904	0	
905	0	
906	0	
907	0	
908	0	
909	0	
910	0	
911	0	
912	0	
913	0	
914	0	
915	0	
916	0	
917	0	
918	0	
919	0	
920	0	
921	0	
922	0	
923	0	
924	0	
925	0	
926	0	
927	0	
928	0	
929	0	
930	0	
931	0	
932	0	
933	0	
934	0	
935	0	
936	0	
937	0	
938	0	
939	0	
940	0	
941	0	
942	0	
943	0	
944	0	
945	0	
946	0	
947	0	
948	0	
949	0	
950	0	
951	0	
952	0	
953	0	
954	0	
955	0	
956	0	
957	0	
958	0	
959	0	
960	0	
961	0	
962	0	
963	0	
964	0	
965	0	
966	0	
967	0	
968	0	
969	0	
970	0	
971	0	
972	0	
973	0	
974	0	
975	0	
976	0	
977	0	
978	0	
979	0	
980	0	
981	0	
982	0	
983	0	
984	0	
985	0	
986	0	
987	0	
988	0	
989	0	
990	0	
991	0	
992	0	
993	0	
994	0	
995	0	
996	0	
997	0	
998	0	
999	0	
